71.74599999999998
71.24299999999994
70.47800000000004
65.13999999999997
65.34600000000007
67.40999999999997
69.24700000000006
68.76399999999994
65.90100000000004
73.76000000000005
71.87500000000003
97.91899999999998
68.29300000000005
66.12200000000001
68.13400000000003
67.6
66.27800000000006
65.74499999999995
77.39200000000001
69.11699999999999
89.65099999999998
68.8390000000001
65.89299999999993
68.48199999999999
70.56999999999996
66.29199999999996
65.71299999999991
71.73799999999997
109.82800000000003
71.00800000000007
71.29399999999997
66.05300000000003
66.14500000000007
67.25199999999998
70.89800000000001
68.51300000000005
69.558
68.84999999999997
69.20299999999996
80.31399999999994
67.938
76.23100000000005
71.41300000000001
67.16599999999995
66.34200000000001
67.64400000000003
69.55500000000004
67.21999999999994
68.68000000000002
68.09100000000001
68.521
70.51400000000008
70.09299999999996
66.53500000000001
90.893
73.77999999999996
67.99900000000004
85.916
66.3689999999999
68.96400000000003
73.04099999999997
67.98000000000005
66.95700000000005
70.04000000000005
68.50899999999999
67.85399999999997
67.55100000000003
69.73300000000005
66.69099999999995
84.09600000000006
67.12200000000001
71.33199999999995
70.77300000000002
66.98199999999993
69.35400000000003
68.36199999999998
66.39600000000002
71.35800000000003
69.40000000000002
78.87299999999998
70.32399999999994
66.82500000000002
65.43700000000003
65.27699999999997
67.86199999999998
72.41599999999993
70.00200000000007
67.53799999999998
67.24999999999991
66.64100000000006
71.14299999999996
70.10000000000005
68.49600000000005
68.251
67.09500000000001
67.82500000000002
69.29700000000005
65.90200000000002
69.83499999999998
70.63399999999997
67.57099999999994
70.19799999999998
