73.15899999999998
69.797
69.71699999999997
77.50200000000001
72.05199999999995
65.80400000000003
67.34499999999998
73.20599999999999
68.17799999999995
66.09000000000003
66.53599999999999
66.74599999999997
66.15499999999996
68.26700000000002
70.355
66.77900000000004
66.92000000000003
66.71899999999997
66.62600000000002
69.824
68.378
74.95200000000001
70.04599999999999
66.47500000000001
69.768
67.29499999999999
67.77900000000004
67.93299999999996
68.216
68.36300000000001
66.78200000000001
67.74999999999997
69.299
65.88699999999997
69.21500000000003
68.992
65.93199999999999
67.21100000000003
66.30899999999995
69.78500000000004
67.41599999999998
77.81100000000002
71.934
67.907
73.82099999999997
66.08500000000001
73.75299999999996
66.78
66.857
70.23399999999997
68.62399999999997
68.00299999999999
68.27099999999997
68.55100000000003
67.27099999999997
68.07200000000002
67.32300000000002
66.04199999999999
67.89100000000003
70.35799999999998
69.02200000000003
67.72200000000001
70.03399999999999
67.44300000000003
67.21300000000002
66.12099999999998
66.80900000000001
88.80799999999999
68.42200000000004
66.58599999999998
67.84799999999997
70.00099999999998
68.745
67.635
66.25999999999999
66.278
68.12800000000003
68.023
68.30199999999998
66.40800000000002
67.82199999999999
69.39300000000004
66.41000000000003
72.61299999999999
70.03699999999996
74.322
66.91800000000003
69.89800000000001
67.24599999999997
67.34000000000002
66.50800000000001
69.218
70.20000000000005
72.86700000000002
67.747
66.38899999999998
67.62599999999996
68.87099999999997
68.301
69.901
72.67400000000002
128.116
127.98700000000002
66.85900000000001
66.42800000000004
72.967
68.073
68.67299999999999
66.85399999999997
69.027
70.60099999999997
74.73200000000003
70.34300000000005
70.197
71.25300000000001
67.71099999999997
68.517
71.43699999999997
69.81400000000005
66.29500000000004
120.222
125.43199999999999
113.09700000000001
123.614
118.10300000000001
121.97400000000003
116.78300000000003
121.69200000000002
128.514
127.73899999999999
126.09799999999998
