6.145000000000012
6.047999999999998
6.614000000000009
6.808000000000036
6.817999999999991
7.342999999999988
7.417000000000007
9.180999999999994
6.675000000000042
7.064000000000014
4.674999999999985
6.640000000000034
4.053999999999947
5.51299999999999
6.207999999999991
6.596000000000046
6.8789999999999685
6.3469999999999915
7.332999999999979
5.342999999999987
5.682999999999994
3.8679999999999826
6.899999999999961
5.3719999999999875
4.705000000000014
6.581000000000003
7.659000000000027
7.682000000000022
4.428999999999961
5.65899999999997
7.494000000000001
6.969000000000003
6.450000000000012
7.603000000000026
4.56200000000001
6.155999999999995
4.307000000000006
4.451000000000038
4.6599999999999975
5.898999999999988
4.522000000000026
7.319999999999993
7.488999999999968
9.346999999999994
6.763999999999992
4.0160000000000196
4.123000000000015
3.7209999999999743
3.7230000000000043
4.276999999999975
4.087000000000007
3.693000000000002
3.756999999999983
3.872000000000014
3.848000000000018
3.796999999999995
3.7029999999999563
3.703999999999985
3.8100000000000356
4.734000000000016
4.699000000000009
4.844999999999988
3.9870000000000183
4.479999999999984
4.195000000000004
3.8590000000000013
3.6490000000000133
3.6980000000000066
4.074000000000022
3.724000000000005
3.942000000000001
3.8020000000000276
3.9910000000000223
4.2240000000000055
3.8209999999999633
3.7690000000000223
3.6229999999999873
3.819000000000017
4.620000000000013
3.738000000000019
3.6700000000000066
4.546999999999968
3.819000000000017
4.237000000000046
3.842000000000012
4.431000000000019
3.980999999999957
3.825999999999996
3.660999999999998
4.10499999999997
4.309000000000007
3.8839999999999986
3.836000000000006
3.699999999999981
4.3880000000000035
3.6680000000000046
3.8509999999999933
3.809000000000007
4.036999999999957
3.813999999999984
4.663000000000029
3.87299999999996
5.4120000000000275
3.707999999999989
4.140999999999978
3.6589999999999954
3.644999999999982
4.695999999999978
3.681000000000018
3.929999999999989
3.9609999999999923
3.7760000000000016
4.844999999999988
5.496
4.018999999999995
3.8880000000000026
4.577999999999971
5.259000000000014
4.981000000000013
6.15199999999999
5.967999999999973
5.282999999999982
4.62499999999999
7.427000000000017
7.195000000000007
5.815999999999988
4.644000000000037
8.236000000000022
6.749999999999979
5.725999999999953
5.20200000000004
6.433999999999996
7.253999999999983
6.436999999999971
6.4710000000000045
6.502000000000008
3.6780000000000146
4.458999999999991
4.205999999999987
3.925000000000012
6.679999999999964
3.9020000000000166
4.385000000000028
5.0640000000000125
6.089000000000011
4.052
3.7659999999999916
