67.04899999999996
69.35999999999997
67.71199999999999
68.45400000000001
66.78499999999998
66.30599999999998
70.85999999999999
71.08799999999998
68.12200000000001
68.52199999999998
69.45400000000002
68.28499999999998
69.621
66.249
66.55300000000003
70.21999999999994
69.855
67.03999999999999
66.65900000000002
67.01899999999999
67.09600000000005
66.89800000000001
69.668
69.06700000000005
67.627
69.87000000000005
70.08999999999999
66.714
69.243
68.08600000000004
65.60199999999999
67.63599999999997
71.53700000000002
70.212
70.26599999999999
68.50999999999996
68.70100000000001
70.17000000000002
69.93600000000005
67.94800000000001
70.88500000000003
73.14900000000002
67.805
78.05000000000001
78.57300000000001
70.46599999999998
66.944
69.811
67.48700000000002
68.83299999999998
67.54699999999997
67.166
67.76500000000001
68.16700000000003
69.18800000000003
67.388
67.73100000000004
72.84400000000002
67.45400000000001
77.01600000000003
74.58200000000004
69.191
65.97599999999998
67.577
67.73999999999997
66.66100000000003
66.86599999999999
67.37500000000001
67.51599999999996
66.521
74.735
77.05800000000002
90.37099999999998
69.02799999999998
71.38899999999998
75.01399999999997
74.751
66.50100000000003
68.35800000000003
68.83200000000001
68.12000000000002
66.26200000000004
68.45099999999998
70.04599999999999
66.10099999999997
68.72099999999998
69.86700000000002
68.25500000000001
70.347
66.61100000000003
76.876
73.52000000000002
77.76499999999997
69.99499999999998
70.91999999999999
69.80800000000004
69.799
69.828
67.70799999999998
74.35200000000003
69.51500000000004
134.18600000000004
130.19200000000004
137.114
123.24399999999997
131.72
134.90999999999997
135.49100000000004
129.39700000000005
111.38899999999995
132.96999999999997
130.266
129.23700000000005
69.805
71.54500000000003
70.46999999999997
69.95800000000003
70.15199999999999
71.14999999999999
70.17099999999998
71.35999999999999
70.324
71.24400000000003
71.24999999999999
70.84399999999997
72.85900000000001
72.12600000000002
71.18900000000001
115.35900000000005
132.75300000000001
117.65100000000001
127.76000000000003
128.93599999999995
72.37699999999997
136.77299999999997
130.708
126.27400000000006
116.886
127.76099999999995
128.19199999999998
118.91900000000005
106.78399999999999
127.94400000000006
121.68100000000004
89.77199999999996
95.63099999999997
100.71999999999997
