70.37100000000002
69.36199999999998
80.41500000000002
71.208
71.78099999999998
74.82300000000002
70.884
70.992
70.20700000000002
71.57200000000003
70.05499999999998
70.29200000000002
70.29800000000003
69.21000000000005
73.55499999999998
73.581
75.80700000000002
72.668
72.28099999999998
73.66899999999998
72.37199999999999
75.65700000000002
70.55900000000004
68.29999999999997
78.88900000000004
69.824
73.66699999999999
73.69199999999998
70.911
72.70699999999997
69.90899999999999
71.41900000000001
71.071
72.78100000000003
68.905
68.97800000000004
70.65499999999997
74.23900000000003
70.95799999999997
68.62099999999998
69.32
69.461
71.64999999999999
71.08199999999998
72.50099999999998
71.127
70.72099999999998
73.291
70.33700000000003
71.21100000000003
70.13900000000001
69.16699999999997
69.60699999999997
78.25199999999998
72.388
77.957
68.92600000000004
69.32299999999996
69.31499999999996
68.963
72.80599999999998
72.39800000000002
70.704
81.46300000000001
74.372
74.388
69.83899999999998
73.17600000000002
71.27900000000004
72.76099999999997
71.17299999999999
68.574
69.33
71.731
72.094
68.901
73.90199999999997
68.17200000000001
68.29499999999999
68.30999999999999
72.69800000000004
69.86199999999998
74.22899999999998
70.23400000000002
71.52799999999998
71.67500000000004
72.428
69.04599999999999
74.39800000000002
74.61000000000001
69.00999999999996
71.54299999999999
68.90599999999999
72.21
68.44400000000003
69.40899999999999
70.64500000000001
70.58299999999998
68.76400000000002
70.17400000000002
68.65500000000002
