72.72000000000001
118.147
109.17699999999996
110.709
110.50500000000002
106.82400000000003
102.3
104.431
102.298
105.47600000000001
107.96900000000001
105.21000000000002
108.64099999999999
101.437
111.88299999999995
102.28999999999999
101.99000000000002
120.369
117.61699999999998
106.02100000000003
110.32300000000001
120.284
101.33
101.80099999999997
104.14000000000001
102.33699999999999
105.25400000000002
104.937
103.17300000000002
104.53799999999997
103.54000000000002
108.33299999999996
104.44600000000004
110.61300000000001
107.10900000000001
109.45700000000002
117.74700000000004
107.29899999999998
106.72900000000001
111.018
104.28999999999999
101.931
102.161
107.702
104.38399999999997
102.59899999999999
111.126
102.32900000000001
108.83100000000002
101.74699999999997
103.75200000000001
106.30000000000001
105.686
105.64200000000001
106.375
109.75200000000001
102.93900000000001
108.375
109.22900000000001
107.75200000000001
104.60799999999998
105.56599999999999
111.85000000000001
109.54800000000003
106.33400000000005
103.92899999999999
102.65200000000002
111.92699999999999
104.32999999999998
103.688
104.001
103.28900000000002
113.50600000000006
105.41900000000004
115.033
105.19200000000001
105.07299999999998
114.67399999999999
117.05799999999999
110.228
108.41800000000002
109.03399999999999
104.76299999999999
134.637
105.765
104.27200000000003
107.574
104.694
113.91299999999998
106.80899999999998
104.06199999999998
104.188
104.58199999999995
110.91100000000004
106.371
105.838
106.099
107.14200000000001
102.85700000000003
104.30500000000004
121.216
105.36899999999999
