72.93499999999997
74.18299999999999
84.88000000000001
77.17600000000002
75.75100000000002
75.625
74.70899999999997
73.17399999999996
72.94
72.28699999999999
72.81700000000002
75.955
73.38899999999998
71.51200000000001
72.907
71.67699999999999
76.77100000000003
74.77399999999996
72.19999999999999
71.51199999999996
71.691
72.758
74.762
74.40399999999997
72.18299999999999
72.93100000000003
73.77
73.652
76.06799999999997
74.48699999999997
73.70900000000003
74.567
72.22800000000001
73.588
72.50500000000004
73.67600000000002
72.80999999999999
76.127
72.99100000000003
71.45199999999996
71.11600000000001
76.18199999999997
74.70300000000002
72.685
76.68199999999997
73.758
76.13599999999998
78.218
74.10899999999998
73.29200000000003
74.778
86.08899999999997
82.35399999999998
72.53700000000002
73.97300000000001
71.69799999999998
72.104
71.45599999999996
74.49099999999997
71.96400000000003
73.87299999999996
73.264
71.932
79.58399999999999
72.905
73.44200000000001
75.18999999999998
72.62200000000001
73.797
74.08900000000001
72.97199999999998
74.09500000000003
80.76100000000002
85.18100000000001
78.55000000000001
87.09699999999998
73.60300000000002
75.42000000000004
73.156
75.55800000000002
75.43500000000003
76.03599999999999
73.01199999999997
75.75300000000001
76.74700000000001
72.13300000000001
72.48599999999999
73.594
74.99299999999998
75.92299999999996
73.72099999999998
73.30400000000003
74.42599999999999
74.64699999999996
78.351
82.54400000000001
91.353
75.61400000000002
74.77899999999998
72.89200000000001
75.68400000000003
