3.719000000000028
3.593999999999986
3.939000000000026
3.5229999999999984
3.5860000000000336
3.578999999999999
4.194000000000031
3.5259999999999736
3.589000000000009
3.6470000000000113
3.6269999999999913
3.71100000000002
4.404999999999992
3.664999999999974
3.5390000000000144
3.548999999999969
4.037000000000013
3.805999999999976
3.8429999999999853
4.122000000000014
3.8819999999999966
4.570000000000018
3.7179999999999715
3.5580000000000056
3.7860000000000116
4.020999999999997
3.7810000000000343
3.833000000000031
3.7490000000000023
3.695999999999977
3.64800000000004
4.157999999999995
4.018999999999995
3.6390000000000033
4.035999999999984
3.5700000000000176
3.766999999999965
3.575999999999968
3.654000000000046
3.7940000000000196
3.683999999999965
3.65099999999996
3.6700000000000066
6.318000000000046
3.5279999999999756
3.520000000000023
3.5310000000000064
3.5699999999999896
4.13800000000003
3.603999999999996
3.5459999999999936
4.670999999999981
6.721000000000032
4.230000000000011
4.2119999999999935
3.772999999999971
3.579999999999972
3.61800000000001
4.927999999999988
3.6940000000000306
3.809000000000007
3.5540000000000016
4.6199999999999575
4.341000000000039
3.7379999999999636
3.7679999999999936
3.695000000000004
4.027999999999976
3.5610000000000364
3.5560000000000036
3.709999999999991
3.552999999999973
4.736000000000018
3.737000000000046
3.705000000000014
4.068000000000016
3.913999999999973
3.931999999999991
4.111000000000031
3.728000000000009
3.6599999999999966
4.120999999999986
3.7699999999999956
3.792999999999991
4.06500000000004
4.022999999999999
3.942000000000001
3.6259999999999626
8.168000000000008
3.809000000000007
3.6269999999999913
3.681999999999963
4.174000000000011
3.782999999999981
3.724000000000005
3.6880000000000246
3.534000000000037
3.585000000000005
3.5909999999999553
3.7029999999999563
3.713999999999995
7.11999999999996
5.400000000000016
7.784000000000013
5.720000000000002
6.860999999999951
7.138000000000034
7.013999999999965
6.696999999999953
5.33800000000001
9.672999999999988
4.5960000000000445
4.060999999999981
3.7579999999999836
3.9910000000000223
3.736000000000017
3.776999999999975
4.28999999999996
3.720000000000001
4.323000000000022
4.012999999999989
3.703999999999985
4.3079999999999785
3.8100000000000356
3.7369999999999903
3.803000000000001
7.26899999999997
7.187999999999972
6.688000000000027
7.07399999999997
6.64999999999999
7.248000000000032
7.157000000000025
8.021
7.340999999999987
11.18800000000003
