3.6359999999999726
3.5650000000000404
3.542999999999963
4.369999999999985
3.917000000000004
3.6309999999999953
3.782999999999981
3.6579999999999946
3.7389999999999923
3.8799999999999946
3.601999999999994
3.7269999999999803
3.7880000000000136 
3.6590000000000233
3.927000000000014
3.6219999999999586
4.402000000000017
4.261000000000015
3.8679999999999826
3.8699999999999846
3.809000000000007
3.9730000000000043
4.415000000000003
3.906999999999994
3.676999999999986
3.8010000000000543
3.674999999999984
4.595000000000016
3.636000000000028
3.809000000000007
4.0000000000000036
3.7900000000000156
3.9619999999999655
3.811999999999982
4.037999999999986
3.825999999999996
3.9050000000000473
3.9870000000000183
3.935000000000022
3.9020000000000166
3.707000000000016
3.717999999999999
4.09799999999999
3.774999999999973
3.8960000000000106
4.205000000000014
3.715999999999997
4.141999999999979
3.7479999999999736
4.115000000000036
3.674999999999984
4.117000000000037
4.8759999999999915
3.6459999999999826
3.8329999999999753
3.8870000000000293
3.896999999999984
3.8229999999999653
3.8080000000000336
3.677999999999959
3.8459999999999606
3.6229999999999873
3.7530000000000063
3.70100000000001
3.81999999999999
3.760999999999959
3.8579999999999726
3.689999999999971
3.7409999999999943
4.0999999999999925
4.610999999999976
4.027999999999976
3.9859999999999896
3.798999999999997
3.724000000000005
3.8439999999999586
3.8699999999999846
3.695000000000004
3.7470000000000003
3.935000000000022
3.733000000000042
3.8269999999999693
3.7160000000000526
4.201999999999984
3.7329999999999863
3.762999999999961
3.904999999999992
3.794999999999993
3.63800000000003
3.7209999999999743
3.6579999999999946
3.7510000000000043
3.832000000000002
3.748000000000029
3.68099999999999
3.6740000000000106
3.951000000000038
3.8920000000000066
3.7599999999999856
3.8329999999999753
4.130000000000022
3.715999999999997
8.584999999999955
4.022000000000025
6.323999999999996
6.3989999999999885
7.0989999999999664
6.427999999999989
7.0390000000000175
6.865999999999984
5.556000000000005
5.309999999999981
4.313000000000011
4.247000000000001
7.070999999999994
7.165999999999951
8.069999999999967
7.450999999999985
6.8990000000000435
7.061000000000039
7.917000000000007
7.569999999999966
13.253000000000014
7.002000000000008
6.3910000000000355
6.785999999999959
6.45699999999999
7.017999999999969
6.720000000000004
6.777000000000033
7.045999999999997
6.02999999999998
6.792999999999994
6.591999999999986
7.264999999999966
9.815999999999992
6.7549999999999555
7.682999999999995
8.231000000000044
8.682000000000023
7.442000000000004
7.1429999999999545
7.526000000000033
8.116999999999985
12.849
8.574000000000026
6.437000000000026
7.261000000000017
7.009999999999961
7.426999999999961
7.36199999999998
7.442999999999977
6.535000000000013
7.377000000000022
4.713999999999996
11.882999999999978
7.363999999999981
3.8710000000000133
7.082000000000033
6.842000000000015
6.53999999999999
7.879999999999998
5.842000000000014
6.409999999999972
5.596999999999963
8.541000000000022
6.462000000000023
8.400999999999993
6.81200000000004
6.946000000000008
7.148000000000043
6.099999999999994
7.489999999999997
5.315999999999987
7.980999999999961
7.838999999999984
8.323000000000025
7.132000000000027
6.207999999999991
7.105000000000028
9.020000000000028
7.1390000000000065
6.925000000000015
7.040999999999964
4.45000000000001
5.027000000000004
6.816999999999962
6.079000000000001
7.208999999999966
6.79200000000002
5.489000000000022
7.736999999999994
8.588999999999958
8.261999999999992
7.249000000000006
6.413000000000002
3.7530000000000063
6.75199999999998
7.321000000000022
7.219000000000031
6.5149999999999935
7.193000000000005
5.329000000000028
7.197000000000009
6.720999999999977
7.80900000000001
7.462999999999997
7.340999999999987
7.103999999999999
5.803000000000003
8.060999999999986
6.867999999999985
7.433999999999996
7.431999999999994
7.342999999999988
7.084999999999953
7.127999999999968
6.064000000000014
6.720000000000004
7.063999999999959
7.054000000000005
6.928999999999963
7.064999999999988
6.718000000000002
7.630000000000026
7.599999999999996
7.172000000000011
7.943000000000033
7.4150000000000045
7.477999999999985
7.089999999999986
7.084999999999953
5.937999999999999
5.861000000000005
7.527000000000006
5.7269999999999825
4.574999999999996
6.9550000000000445
7.002000000000008
7.621000000000045
7.40799999999997
6.043999999999993
7.1189999999999864
7.828000000000001
6.500000000000005
8.072999999999997
7.194000000000034
6.155000000000022
5.765999999999993
10.315999999999992
7.162000000000002
8.035000000000014
5.809000000000008
6.645999999999985
6.95800000000002
4.3639999999999795
7.650999999999963
8.16699999999998
6.45800000000002
5.004000000000008
6.790000000000019
4.600999999999966
5.336000000000007
8.760000000000046
6.877999999999995
7.599000000000022
4.769000000000023
6.7669999999999675
7.19000000000003
5.652999999999963
10.619999999999962
7.645999999999987
9.705999999999992
9.110000000000007
8.618999999999987
7.568999999999992
6.842000000000015
8.025999999999978
12.820999999999971
7.475000000000009
7.537000000000016
8.404000000000023
9.66699999999998
7.857000000000003
7.833000000000034
7.755999999999985
6.841000000000042
7.743999999999973
6.946000000000008
27.292000000000037
7.446000000000009
7.209000000000021
7.697999999999983
7.63999999999998
7.261999999999991
8.267999999999997
6.9110000000000005
7.283999999999957
7.346999999999992
6.693999999999978
6.823999999999996
7.227000000000039
7.711999999999996
7.033000000000012
7.020000000000026
6.797999999999971
7.025000000000004
7.9619999999999695
7.198000000000038
8.706999999999965
7.469000000000003
7.641999999999982
7.6550000000000225
7.041999999999993
7.855
6.772999999999973
7.325000000000026
8.201000000000015
7.103999999999999
7.016000000000022
8.652000000000049
6.728999999999985
7.384000000000002
7.08700000000001
7.397999999999961
6.747000000000003
8.833999999999953
7.15300000000002
7.5550000000000335
7.376999999999967
6.234000000000018
6.7510000000000066
6.954999999999989
7.348000000000021
6.903999999999966
7.4150000000000045
7.006000000000013
6.900999999999991
6.621999999999961
6.622000000000017
8.218000000000004
6.968999999999948
7.197999999999983
6.884000000000001
6.95800000000002
6.811999999999985
7.176000000000016
6.584000000000034
6.638000000000033
8.438
6.940000000000001
7.121999999999962
7.269999999999999
6.674000000000014
6.549000000000027
7.1069999999999744
