304.693
311.29800000000006
313.28600000000006
314.63199999999995
301.431
304.677
312.309
312.01599999999996
303.78799999999995
316.68800000000005
322.73400000000004
297.2420000000001
300.261
300.88899999999995
302.08500000000004
298.98699999999997
306.79799999999994
300.76599999999996
300.484
334.293
331.37500000000006
301.368
293.4030000000001
305.539
302.814
300.065
404.12199999999996
300.773
313.4750000000001
327.211
317.9189999999999
299.627
298.45899999999995
299.61599999999993
331.245
303.48999999999995
302.296
298.471
346.17400000000004
350.728
301.13300000000004
296.14000000000004
302.09799999999996
304.514
339.642
303.334
340.19399999999996
317.2289999999999
318.1530000000001
298.51
334.36699999999996
300.506
299.421
343.81500000000005
313.692
304.361
301.03299999999996
346.2289999999999
318.011
294.942
310.20599999999996
306.646
300.11199999999997
305.13599999999997
302.16099999999994
301.085
320.218
326.594
360.33600000000007
319.312
352.38100000000003
317.479
304.78200000000004
305.331
303.62100000000004
309.65000000000003
307.036
344.95300000000003
304.041
310.582
306.74
303.1840000000001
300.49499999999995
297.16
302.71
311.87699999999995
310.552
304.02900000000005
298.563
303.49600000000004
304.362
300.486
302.992
304.118
308.86400000000003
326.98199999999997
307.4270000000001
332.286
314.59999999999997
307.00899999999996
304.896
