4.552999999999974
4.801999999999973
4.475000000000007
7.620999999999989
4.564999999999985
4.234999999999989
6.149000000000015
3.880999999999968
6.3150000000000155
4.008999999999984
3.85000000000002
3.817999999999988
3.9060000000000206
3.8369999999999793
4.838999999999983
4.301999999999973
4.601999999999995
4.649000000000014
4.13800000000003
4.396999999999984
4.944000000000004
3.7309999999999843
3.8229999999999933
3.746000000000027
3.8209999999999633
3.841000000000011
3.827999999999998
3.7740000000000276
3.880999999999968
3.805999999999976
4.504999999999981
3.8819999999999686
3.8629999999999773
3.846000000000016
3.8690000000000113
4.144999999999954
3.868999999999956
4.514999999999992
4.906999999999995
6.2309999999999865
3.733000000000042
3.8040000000000296
3.7490000000000023
3.9579999999999615
4.2280000000000095
3.7690000000000223
3.811999999999982
3.7610000000000143
3.760000000000013
3.915000000000002
6.032999999999955
4.141999999999979
4.022000000000025
4.0679999999999605
3.921999999999981
3.7699999999999956
4.0720000000000205
3.9639999999999675
4.3040000000000305
3.9710000000000023
3.719000000000028
3.9509999999999823
4.165000000000029
4.033000000000008
4.311000000000009
3.950000000000009
3.9140000000000286
4.122000000000014
3.7750000000000283
3.8559999999999706
4.225000000000034
3.7960000000000216
3.8839999999999986
4.249999999999976
7.253999999999983
4.431000000000019
3.813000000000011
3.9020000000000166
3.7820000000000076
4.37700000000002
3.9930000000000243
3.7830000000000363
3.8229999999999653
3.7980000000000236
4.198000000000035
3.8389999999999813
3.7840000000000096
3.880999999999968
3.8140000000000396
3.795999999999966
4.114000000000006
3.727000000000036
4.207000000000017
3.9710000000000023
3.9000000000000146
3.7409999999999943
3.827999999999998
4.2639999999999905
3.854000000000024
4.601000000000022
4.5479999999999965
4.43300000000002
4.615000000000036
3.8779999999999926
3.954000000000013
3.8750000000000173
3.9519999999999555
