3.93300000000002
3.908999999999996
3.817999999999988
4.2999999999999705
4.074000000000022
4.2480000000000295
4.311000000000009
4.197999999999979
4.446000000000005
3.937999999999997
4.262999999999961
5.607000000000029
3.823999999999994
3.899999999999987
4.110000000000003
3.9939999999999976
3.856000000000026
4.097000000000017
3.9970000000000283
3.831000000000029
4.117999999999983
4.334000000000005
4.383999999999999
4.469000000000001
4.086000000000034
4.4800000000000395
3.931999999999991
4.537000000000013
4.303000000000001
5.678000000000017
4.651000000000016
4.267000000000021
3.8559999999999706
4.033999999999982
4.425000000000012
5.232000000000014
3.852000000000022
4.049999999999998
3.86000000000003
4.574999999999996
3.8409999999999833
3.876000000000018
3.890999999999978
3.9529999999999843
3.982000000000041
5.987999999999993
5.461999999999967
4.6080000000000005
3.964000000000023
4.283000000000037
3.8659999999999806
3.825000000000023
4.074000000000022
4.359000000000002
5.326999999999971
4.3559999999999715
4.315000000000014
7.145999999999986
4.174000000000011
3.8289999999999713
4.067999999999988
8.096999999999992
3.950000000000009
3.9549999999999863
3.9169999999999483
6.2710000000000266
3.9669999999999983
5.130999999999997
3.7599999999999856
4.1399999999999775
4.944000000000004
4.0200000000000236
7.035999999999987
3.9030000000000453
3.888999999999976
3.9309999999999623
3.836000000000006
4.146000000000038
3.8060000000000316
3.8289999999999713
4.615000000000036
3.908999999999996
3.794999999999993
4.124999999999989
4.39299999999998
3.9690000000000003
4.0240000000000276
5.140000000000033
4.334000000000005
4.0320000000000356
5.852000000000023
3.89299999999998
3.821000000000019
5.878999999999968
4.168999999999978
4.647000000000013
4.439000000000027
3.939999999999999
3.8509999999999933
4.2719999999999985
4.072999999999993
