3.917000000000004
3.8399999999999546
4.006000000000009
5.342999999999987
3.8900000000000046
3.848000000000018
4.043999999999992
3.834000000000004
3.780999999999979
3.908999999999996
3.919000000000006
4.070000000000018
3.756999999999955
4.380999999999968
4.251999999999978
4.2039999999999855
4.2320000000000135
3.85000000000002
3.911999999999971
4.005000000000009
3.842000000000012
3.8779999999999926
4.011000000000042
4.043999999999992
3.7760000000000016
3.913
3.8719999999999866
3.94300000000003
3.772999999999999
3.832000000000002
4.592999999999986
4.585000000000006
4.06200000000001
3.935000000000022
4.247000000000001
5.014999999999992
3.958000000000017
4.064999999999985
4.226999999999981
3.9730000000000043
3.7900000000000156
3.832000000000002
4.4480000000000075
3.8790000000000213
3.8679999999999826
5.356000000000027
4.097000000000017
4.287000000000041
4.346000000000016
4.093000000000013
3.8459999999999885
4.255000000000009
4.193000000000002
3.7780000000000036
4.293999999999965
3.927000000000014
3.8779999999999926
3.827999999999998
3.836000000000006
3.909999999999969
3.786999999999985
3.7860000000000116
3.8910000000000333
3.8020000000000276
3.960000000000019
4.004999999999981
6.664000000000003
6.138000000000032
3.90299999999999
3.8850000000000273
3.8349999999999773
3.9000000000000146
3.9070000000000493
4.045000000000021
3.7739999999999996
4.725000000000035
3.7459999999999716
3.897999999999957
4.129999999999967
4.105000000000025
4.509999999999959
5.271000000000026
3.7570000000000103
3.9040000000000186
4.210999999999965
4.6720000000000095
4.340999999999983
4.09799999999999
3.96300000000005
4.010999999999987
6.805999999999979
4.105999999999998
4.300999999999999
4.085000000000005
3.9529999999999843
3.9659999999999695
6.397999999999959
3.984000000000043
4.052
4.052
3.9220000000000086
