7.0390000000000175
7.00400000000001
4.309000000000007
6.592000000000042
6.946999999999981
6.769999999999998
7.076000000000027
6.350000000000023
7.518000000000025
6.16899999999998
6.863999999999981
5.169999999999952
3.848000000000018
7.174000000000014
7.128000000000023
9.302000000000032
7.156999999999969
6.689999999999974
7.149000000000017
6.969000000000003
6.38500000000003
7.186000000000026
3.948000000000007
6.969000000000003
9.104999999999974
6.7590000000000146
7.0949999999999624
6.456000000000017
6.953000000000042
7.023999999999974
8.247999999999978
7.543000000000022
6.724000000000007
6.871999999999989
6.689
5.49299999999997
4.3880000000000035
7.172000000000011
4.726000000000008
5.076000000000025
7.440999999999976
6.919999999999982
5.251999999999979
7.333000000000034
7.0069999999999855
7.166000000000006
6.6910000000000025
7.465999999999973
6.626999999999994
7.07399999999997
6.961999999999968
7.0429999999999655
7.558000000000009
7.014000000000021
7.396000000000013
7.216
6.911999999999974
7.367999999999986
7.236999999999993
6.6550000000000225
6.877000000000022
5.569000000000046
6.5310000000000095
5.487999999999992
7.269999999999999
6.749000000000005
6.9150000000000045
6.95399999999996
4.931000000000019
6.250000000000034
6.769999999999998
8.348999999999995
6.193000000000004
10.05499999999998
6.892000000000009
7.30900000000001
6.41799999999998
6.541999999999993
7.40200000000002
7.000000000000006
6.502999999999981
6.805999999999979
6.343000000000043
5.437000000000025
5.7510000000000066
4.786999999999986
6.191999999999975
6.224000000000007
7.213999999999999
4.837000000000035
7.042000000000048
7.225000000000037
6.9390000000000285
6.4309999999999645
6.867999999999985
6.76199999999999
6.931999999999993
6.605000000000027
7.157000000000025
4.0399999999999885
4.193999999999976
3.699999999999981
4.17099999999998
3.6299999999999666
6.056999999999979
3.733000000000042
