66.94899999999998
66.0
65.87000000000003
67.91999999999999
72.575
71.06200000000001
69.82199999999999
66.64500000000001
69.77
72.98100000000002
66.78699999999999
74.08599999999998
76.70900000000003
66.00899999999999
65.79799999999997
73.19800000000004
65.647
67.02599999999997
64.87700000000002
71.648
68.60699999999997
67.37200000000004
70.40600000000002
66.53599999999999
67.934
67.544
68.181
66.90599999999996
67.73200000000001
72.32699999999997
66.57800000000003
66.03999999999999
66.90199999999996
68.73000000000002
65.189
69.26600000000005
71.96400000000003
67.54100000000001
69.36999999999999
66.19900000000001
72.33899999999998
66.353
66.03300000000002
66.65300000000002
66.93300000000002
66.01099999999998
75.09699999999997
80.27000000000001
75.90200000000003
70.82100000000003
70.89200000000001
70.268
65.53499999999995
66.23400000000001
67.43299999999996
67.743
70.65199999999999
67.23499999999999
67.43700000000003
69.68599999999996
66.08600000000003
65.70800000000004
68.91599999999998
66.58699999999995
67.19399999999997
65.548
71.648
70.21499999999997
72.35200000000003
65.61699999999998
67.25300000000001
65.12800000000001
66.93900000000002
66.552
67.017
68.00499999999998
67.73099999999998
67.60500000000003
67.55500000000004
67.08900000000001
66.297
66.55
66.82899999999997
69.67899999999999
68.50200000000001
76.951
79.78799999999997
67.48199999999999
66.558
65.67900000000004
69.56599999999996
66.40400000000002
67.874
72.12600000000002
66.90000000000002
67.141
65.61099999999998
65.168
66.01400000000001
66.21
66.92499999999995
68.34400000000002
68.69900000000001
67.108
69.03500000000001
70.307
68.737
70.04900000000004
68.85400000000003
69.29999999999997
69.185
70.89299999999999
69.01400000000002
71.87900000000002
69.81300000000002
70.37199999999999
74.235
68.43599999999999
69.18900000000001
71.355
69.687
71.53399999999999
66.61799999999995
118.96400000000001
122.61100000000002
122.30200000000002
122.85800000000002
123.71500000000007
115.666
118.477
114.45499999999997
