4.1480000000000405
3.6880000000000246
3.794999999999993
4.20100000000001
4.134000000000027
4.0040000000000076
3.7679999999999936
3.6599999999999966
3.672999999999982
3.925000000000012
3.8830000000000253
3.717000000000026
3.90299999999999
3.71100000000002
3.7699999999999956
3.7510000000000043
3.785999999999956
3.683999999999965
3.9409999999999723
4.018000000000022
3.87299999999996
3.6530000000000173
3.8870000000000293
3.701999999999983
3.8260000000000516
3.797999999999968
3.7650000000000183
3.823999999999994
3.71100000000002
4.022999999999999
4.085000000000005
3.813000000000011
3.746000000000027
3.803000000000001
4.1640000000000015
3.7429999999999963
3.790999999999989
3.7679999999999936
4.342000000000013
3.6740000000000106
8.249000000000006
