74.44800000000001
76.91399999999999
76.52700000000002
73.66900000000004
72.14500000000001
74.80999999999999
76.80900000000001
72.15500000000003
69.70599999999999
70.72299999999998
71.353
70.21
70.95799999999997
72.822
74.77099999999997
73.39499999999998
74.51999999999998
72.13900000000001
74.33399999999996
78.98299999999998
72.27100000000003
71.55699999999999
75.14700000000002
70.41599999999998
71.558
79.532
74.65899999999998
77.56299999999999
72.737
70.131
69.50700000000005
69.74600000000002
72.03500000000001
74.274
71.78300000000002
74.61899999999999
71.34299999999999
72.818
74.01799999999997
69.68200000000002
74.33699999999999
72.77499999999998
69.75199999999998
69.64599999999999
71.00500000000004
72.78100000000003
72.681
75.36299999999996
70.47599999999998
70.40999999999997
71.218
71.65000000000005
71.30600000000004
71.63600000000004
80.345
72.944
74.876
72.30999999999999
71.37300000000002
71.00299999999999
75.37099999999997
73.76100000000002
70.08500000000001
70.19599999999998
71.27900000000004
74.09599999999999
72.314
73.992
71.48899999999999
70.46599999999998
69.64900000000002
73.156
71.51000000000002
75.55399999999996
73.07900000000001
71.05499999999998
70.65499999999997
73.548
70.70100000000001
71.492
72.463
70.45499999999998
74.98599999999999
74.42099999999996
74.37300000000002
70.47599999999998
70.65099999999997
71.17299999999999
70.857
70.052
70.61999999999996
69.751
70.60099999999997
73.098
72.16600000000001
71.16599999999995
71.714
71.90299999999999
70.88600000000001
70.22499999999998
69.72299999999998
