82.74899999999997
88.91799999999999
84.28099999999999
87.13099999999999
85.53399999999998
86.86399999999999
84.27499999999996
85.02399999999999
89.01200000000003
89.51799999999999
95.83999999999997
91.61400000000003
91.009
84.31100000000002
84.39999999999998
84.481
83.90700000000001
88.05399999999996
84.43999999999996
98.60200000000002
109.28899999999997
88.21200000000002
86.54100000000004
83.95799999999997
84.69700000000002
92.28199999999998
88.02399999999999
89.397
90.136
86.889
87.91199999999999
89.976
89.944
82.58400000000002
84.06899999999997
85.25700000000003
86.98099999999998
85.01800000000004
83.48
84.52000000000004
84.306
83.61699999999999
84.71600000000001
94.73400000000004
89.285
87.91500000000002
95.88200000000002
86.68400000000004
85.72800000000002
86.424
85.62599999999998
92.65300000000002
85.11100000000002
85.00800000000002
83.81500000000003
84.71299999999998
84.63100000000001
87.96799999999999
84.692
88.43299999999998
83.24900000000002
85.55200000000002
86.27799999999996
88.65400000000001
91.20099999999998
86.80700000000002
85.812
89.13199999999999
84.12600000000003
84.79400000000004
93.97299999999997
95.96000000000005
84.68100000000001
85.26899999999998
83.59999999999995
84.43
86.01399999999998
84.20300000000003
85.362
90.36
85.2
86.05699999999999
85.62800000000004
90.53699999999998
87.698
85.10499999999999
85.28999999999998
87.22000000000001
86.951
85.29700000000001
105.62299999999996
95.41099999999997
93.58800000000001
102.24699999999997
93.26800000000001
104.43199999999997
83.63600000000004
84.835
84.78599999999997
84.91200000000005
98.001
