70.87300000000002
68.43699999999997
67.29800000000003
67.28100000000003
67.31799999999998
71.743
67.801
68.55899999999998
66.973
66.465
72.471
66.42500000000001
67.81799999999998
68.84299999999999
78.02899999999995
71.59100000000002
68.61499999999998
70.51300000000005
74.884
66.61100000000003
67.154
67.25399999999998
67.58999999999999
68.15500000000002
75.13599999999998
68.56200000000001
68.668
66.80900000000001
66.351
68.12500000000004
67.86500000000001
66.82499999999997
68.29600000000002
73.50899999999999
80.67100000000005
79.99600000000001
75.52300000000001
77.06400000000002
68.33300000000003
65.66499999999998
65.90899999999999
66.86799999999998
67.94200000000001
68.29499999999999
66.65100000000001
66.044
66.071
69.50499999999998
65.86400000000003
66.86900000000001
67.95600000000002
71.22999999999996
67.374
67.72999999999996
67.84499999999998
68.0
66.38899999999998
66.471
65.84900000000005
65.197
72.42500000000001
69.89799999999995
65.604
66.857
66.47099999999995
67.08900000000001
66.274
67.99900000000004
66.805
67.32700000000003
68.45499999999998
68.56000000000002
66.20500000000001
66.081
68.11900000000004
67.324
67.41199999999998
68.51999999999997
67.10899999999998
65.22
66.20300000000002
69.31099999999995
66.218
69.17699999999999
67.674
70.23499999999999
66.41900000000001
68.654
66.874
67.29999999999997
66.16
71.47200000000004
67.87500000000001
67.36599999999999
75.06799999999997
67.50600000000001
67.83600000000001
69.407
68.56000000000002
74.49
66.23800000000001
126.02499999999999
127.51100000000004
127.71500000000002
128.074
67.16
68.461
70.33600000000001
68.25300000000001
73.02700000000002
68.48700000000002
69.272
66.84499999999998
66.45099999999998
69.46100000000006
68.42700000000002
70.61300000000004
70.55899999999998
73.44000000000001
73.26599999999999
68.33300000000003
69.94
66.97900000000001
