67.02400000000003
66.961
67.62600000000002
66.03800000000004
69.26699999999997
70.68000000000002
64.85200000000002
67.44099999999997
69.81599999999999
65.76899999999996
67.20799999999998
66.27
65.60300000000002
66.106
69.237
67.63200000000002
65.64500000000001
66.61200000000001
77.19999999999999
66.438
70.59599999999999
74.39299999999999
69.751
66.74900000000001
65.96599999999997
67.18599999999996
68.01199999999996
66.187
66.08900000000001
66.04400000000005
68.724
66.92900000000002
68.552
67.39
67.575
68.63900000000001
69.73600000000002
68.80399999999997
67.28699999999999
68.84899999999999
73.86300000000001
66.84899999999999
66.16699999999997
64.87899999999996
66.49900000000002
67.70399999999998
66.62899999999999
67.12200000000001
66.326
69.00299999999999
66.34700000000005
65.98799999999999
68.828
69.16099999999997
66.68399999999997
67.43699999999997
69.14699999999996
67.666
68.40000000000002
66.20000000000003
67.40899999999999
66.438
66.95099999999998
67.70199999999998
66.963
67.82199999999999
66.78200000000001
66.65700000000002
66.662
69.78099999999998
68.63000000000002
66.45300000000005
67.02900000000001
71.04699999999997
68.687
68.95599999999996
67.608
68.25500000000001
65.78999999999996
66.55
66.00200000000001
66.14500000000001
69.488
69.11300000000004
67.35999999999997
66.934
65.78200000000001
67.93500000000002
67.48900000000002
65.88700000000003
67.49500000000003
65.324
70.44900000000004
74.31299999999996
66.106
66.96199999999996
66.803
65.80400000000003
66.237
66.15900000000002
69.521
67.59500000000001
67.996
73.78799999999997
68.34499999999998
69.24400000000003
67.96200000000002
71.488
71.052
68.641
71.28400000000002
69.28
69.558
69.004
68.06999999999996
69.95599999999996
69.70400000000005
66.367
