67.38299999999997
69.40799999999997
66.56499999999998
68.65899999999996
66.847
76.212
69.08000000000003
68.42599999999999
72.72499999999998
65.95299999999999
66.03300000000002
71.218
70.74799999999998
68.07999999999997
68.34000000000002
66.79200000000002
66.57499999999999
68.67599999999996
66.467
67.09000000000003
67.737
67.43199999999999
70.22
74.78200000000001
68.38899999999998
72.78800000000003
66.40099999999998
66.86000000000003
66.855
71.50100000000003
65.97399999999998
68.34499999999998
68.64899999999996
66.41799999999998
68.214
70.1
68.84899999999999
66.498
66.63999999999997
66.59600000000005
66.573
70.74800000000003
66.44399999999995
69.08099999999995
66.97899999999996
71.27
69.65499999999997
72.471
66.68999999999997
70.11200000000001
70.20300000000002
70.322
69.17200000000001
68.54199999999999
65.98499999999999
67.044
66.09500000000001
67.26299999999996
67.69199999999998
67.067
66.216
65.74999999999997
68.58399999999997
74.72700000000005
76.95999999999998
74.79000000000002
66.37599999999999
67.28500000000004
68.87499999999996
66.48799999999999
66.83700000000003
67.996
66.776
69.237
66.74900000000001
67.311
65.87599999999999
69.23599999999996
65.969
66.23299999999999
67.09599999999999
65.977
67.56200000000001
69.60899999999998
66.62099999999998
68.70300000000002
69.00800000000001
66.32699999999997
65.90899999999999
66.154
68.22499999999998
67.894
67.62799999999997
75.789
76.805
67.48900000000002
67.00600000000001
68.03199999999998
67.99100000000003
67.62099999999998
68.43199999999999
120.116
129.91600000000003
128.11099999999996
128.40799999999996
126.68600000000002
69.12599999999996
125.51299999999999
129.51000000000002
119.22700000000003
124.35400000000001
116.93900000000002
125.224
67.51800000000003
69.85599999999998
70.19899999999996
69.46000000000002
69.57400000000003
70.07300000000005
70.017
70.91999999999999
69.57799999999997
68.768
67.641
67.577
69.34100000000004
70.84899999999999
68.62899999999999
66.74900000000001
122.80200000000002
116.83899999999997
122.14399999999998
71.29000000000002
115.12700000000004
123.917
121.41999999999997
118.77700000000002
121.921
125.973
113.541
124.612
124.89999999999995
115.42199999999997
128.926
126.29800000000002
132.65300000000002
128.361
