4.143000000000008
3.7679999999999936
4.823000000000022
4.120999999999986
4.076999999999997
3.9990000000000303
3.9939999999999976
4.4839999999999876
3.8980000000000126
3.722000000000003
4.1919999999999735
3.7270000000000083
3.71100000000002
3.8960000000000106
3.8489999999999913
3.872000000000042
3.832000000000002
3.811999999999982
4.0759999999999685
3.8409999999999833
4.325999999999997
3.677999999999959
4.40299999999999
8.145000000000014
4.2559999999999825
7.481000000000016
7.0589999999999815
4.902999999999991
3.8870000000000293
4.5000000000000036
4.530000000000034
5.666000000000004
4.353000000000051
4.693999999999976
3.9890000000000203
4.348999999999991
3.72100000000003
3.8920000000000066
4.7079999999999895
4.123000000000044
4.678000000000015
3.715999999999997
4.723000000000033
6.002000000000008
4.375999999999991
3.724000000000005
4.87299999999996
4.111999999999949
7.494000000000001
5.769000000000024
7.928999999999964
3.9269999999999583
4.049999999999998
6.251999999999979
4.031000000000007
3.7559999999999816
3.7069999999999883
3.7800000000000056
4.33
3.720000000000001
4.3399999999999554
3.7610000000000143
3.7570000000000103
4.3239999999999945
3.958000000000017
4.215000000000025
4.1879999999999695
4.003999999999952
4.60499999999997
6.941000000000031
4.7880000000000145
7.0989999999999664
4.8679999999999835
4.686000000000023
7.913000000000004
5.767999999999995
4.072999999999993
8.054999999999978
4.918000000000033
7.386000000000004
4.269000000000023
7.493000000000027
7.208999999999966
3.9469999999999783
4.545999999999994
4.34699999999999
3.9140000000000286
3.693999999999975
3.7770000000000303
4.081000000000001
4.217000000000026
6.430000000000047
3.872000000000042
3.7149999999999683
4.530999999999952
7.617999999999958
8.567000000000046
4.143999999999981
4.876999999999965
7.438000000000001
3.7639999999999896
5.537000000000014
