95.02200000000005
96.23899999999996
101.25900000000004
91.79299999999999
93.779
91.52
95.63499999999998
92.95000000000003
91.57499999999996
97.474
96.775
91.29799999999999
91.60400000000001
101.98299999999999
110.27300000000001
101.38000000000002
98.63199999999999
96.16199999999996
91.74700000000003
93.29599999999999
93.60300000000002
94.22599999999997
93.973
91.59100000000004
92.437
92.46399999999998
91.69800000000001
91.777
91.23099999999998
92.98900000000002
104.458
94.54200000000002
97.52899999999998
109.77199999999998
98.81999999999996
95.547
101.19600000000001
97.79099999999998
97.67999999999999
91.56799999999998
93.70900000000005
92.80300000000003
93.41199999999999
92.65100000000004
92.70700000000004
92.862
92.644
91.479
100.337
94.90700000000002
93.499
94.748
96.20600000000002
103.186
93.22500000000001
96.84799999999998
95.84899999999999
90.61599999999997
91.5
92.323
92.343
96.86899999999999
92.95
93.65200000000002
94.71099999999998
104.13700000000003
93.07
96.23500000000001
103.41600000000001
92.953
103.57699999999997
95.134
96.73700000000002
95.85199999999999
106.17399999999999
91.98800000000001
110.92699999999999
98.84500000000001
96.501
97.80499999999998
93.66999999999997
91.66099999999999
96.45100000000001
94.58900000000003
92.53099999999998
95.05000000000003
93.26899999999999
92.80100000000002
92.866
99.09000000000002
93.586
95.06700000000001
100.07699999999997
101.844
110.32800000000003
119.04099999999995
97.918
100.98599999999996
104.00199999999998
94.74699999999997
97.51700000000002
