0.5600000000000049
0.5439999999999958
0.6189999999999946
0.5570000000000019
0.5519999999999969
0.6940000000000002
0.5710000000000021
0.5639999999999951
0.5690000000000001
0.6519999999999998
0.5720000000000031
0.5950000000000053
0.5679999999999991
0.5310000000000037
0.5580000000000029
0.5700000000000011
0.5720000000000031
0.5639999999999951
0.5479999999999998
0.7699999999999998
0.558999999999997
0.5489999999999939
0.5430000000000018
1.2220000000000009
0.8760000000000018
0.6030000000000063
0.5720000000000031
0.5749999999999991
0.6219999999999976
0.5639999999999951
0.560999999999999
0.5430000000000018
0.5479999999999998
0.5980000000000013
0.5730000000000041
0.5910000000000013
0.5690000000000001
0.5439999999999958
0.5889999999999993
0.5529999999999979
0.5669999999999981
0.565000000000003
0.5460000000000048
0.8869999999999989
0.5739999999999981
0.7749999999999979
0.792999999999995
0.5490000000000008
0.9369999999999934
1.0890000000000066
0.8759999999999879
0.6130000000000024
0.5580000000000029
0.5709999999999882
0.5379999999999968
0.5409999999999998
0.5659999999999971
0.5249999999999977
0.564000000000002
0.5230000000000026
0.6410000000000027
0.5449999999999968
0.5289999999999948
0.6069999999999964
0.5659999999999971
0.5929999999999963
0.5690000000000001
0.5900000000000003
0.9279999999999983
1.1360000000000121
0.7170000000000093
0.8470000000000005
0.6130000000000024
0.7489999999999997
0.5730000000000041
1.1400000000000021
0.688000000000001
1.1629999999999974
0.8310000000000053
0.5959999999999993
0.8599999999999997
0.9890000000000038
0.9389999999999954
0.9629999999999916
0.5529999999999979
0.6139999999999965
0.562
0.6080000000000043
0.5730000000000041
0.5389999999999978
0.5339999999999998
0.5830000000000002
0.6060000000000023
0.5749999999999991
0.795999999999998
0.5350000000000008
0.5889999999999923
0.6649999999999989
0.8489999999999955
0.6489999999999968
0.5690000000000001
0.6299999999999986
0.7650000000000018
0.5160000000000026
0.5350000000000008
0.5230000000000026
0.565000000000003
0.5730000000000041
0.5360000000000018
0.6649999999999989
0.562
0.5319999999999978
0.5299999999999958
0.5510000000000028
0.5490000000000008
0.5900000000000003
0.7080000000000003
0.5959999999999993
0.5230000000000026
0.6050000000000013
0.5430000000000018
0.5300000000000027
0.5320000000000047
0.5339999999999998
0.5150000000000016
0.5430000000000018
0.5409999999999998
0.5269999999999997
0.5320000000000047
0.6359999999999977
0.5439999999999958
0.5469999999999988
0.6309999999999996
0.5529999999999979
0.5690000000000001
0.5780000000000021
0.5970000000000003
0.5290000000000017
0.5479999999999998
0.5219999999999947
0.5499999999999949
0.5780000000000021
0.5409999999999998
0.5770000000000011
0.5339999999999998
0.8149999999999963
0.564000000000002
0.6299999999999986
0.5319999999999978
0.5580000000000029
0.7760000000000058
0.5999999999999963
0.5580000000000029
0.5440000000000028
0.5350000000000008
0.5229999999999957
0.558999999999997
0.6050000000000013
0.5710000000000021
0.5560000000000009
0.5469999999999988
0.5350000000000008
0.5300000000000027
0.5449999999999968
0.6169999999999995
0.5200000000000066
0.5490000000000008
0.5679999999999991
0.560999999999999
0.6180000000000005
0.6360000000000046
0.5570000000000019
0.5549999999999999
0.5519999999999969
0.5269999999999997
0.673
0.5549999999999999
0.566000000000004
0.5370000000000028
0.5409999999999998
0.5729999999999971
0.5300000000000027
0.558999999999997
0.6619999999999959
0.5500000000000018
0.5500000000000018
0.5350000000000008
0.8260000000000003
0.5799999999999972
0.5439999999999958
0.5379999999999968
0.5549999999999999
0.5259999999999987
0.5339999999999998
0.560999999999999
0.558999999999997
0.6090000000000053
0.5709999999999951
0.5500000000000018
0.7230000000000014
0.8649999999999978
0.5710000000000021
0.6050000000000013
0.9240000000000081
0.5430000000000018
0.893999999999999
0.5529999999999979
0.6110000000000004
0.5129999999999996
0.5070000000000006
0.5150000000000016
0.5320000000000047
0.5459999999999978
0.5409999999999998
0.5319999999999978
0.5570000000000019
0.5070000000000006
0.5350000000000008
0.5449999999999899
0.5269999999999997
0.5249999999999977
0.5519999999999969
0.5179999999999976
0.5220000000000016
0.6000000000000033
0.5299999999999958
0.5109999999999976
0.5439999999999958
0.5510000000000028
0.5129999999999996
2.3359999999999976
0.5290000000000017
0.5529999999999979
0.5409999999999998
0.5690000000000001
0.5329999999999988
0.5300000000000027
0.5160000000000026
0.5269999999999997
0.5399999999999988
0.5269999999999997
0.5369999999999958
0.565000000000003
0.5300000000000027
0.5109999999999976
0.5319999999999978
0.5310000000000037
0.5450000000000038
0.5239999999999967
0.5500000000000018
0.5259999999999987
0.5199999999999996
0.5350000000000008
0.5319999999999978
0.5259999999999987
0.5179999999999976
0.5319999999999978
0.5509999999999959
0.5790000000000031
0.5320000000000047
0.6269999999999956
0.5059999999999996
0.5390000000000048
0.5420000000000008
0.5409999999999998
