50.666
58.150999999999996
36.54999999999999
36.38199999999999
38.958999999999996
37.29999999999999
35.93300000000001
36.58500000000001
36.753
35.837
36.375
37.879000000000005
35.727000000000004
36.30500000000001
36.602000000000004
35.59499999999999
35.510999999999996
37.44199999999999
40.881
38.641
38.68299999999999
40.07500000000001
37.641999999999996
36.294
36.402
35.788999999999994
36.756
35.836
36.19100000000001
35.69200000000001
35.578
35.611
36.013000000000005
35.897999999999996
36.915
39.77199999999999
37.06499999999999
38.175999999999995
37.18000000000001
37.643
37.55799999999999
35.619
35.93000000000001
35.556999999999995
36.085
36.571
37.039
35.653000000000006
36.526999999999994
36.08399999999999
37.263000000000005
37.915
37.638999999999996
41.992000000000004
37.468
35.626999999999995
36.308
36.237
36.956
36.004
36.74099999999999
39.646
41.506
36.46
36.047999999999995
36.675
37.566
37.062
37.17600000000001
36.918000000000006
36.774
36.13400000000001
37.293
37.159000000000006
36.104
36.229000000000006
36.172
36.77199999999999
37.627
38.172999999999995
39.412
37.184999999999995
36.164
37.834
36.017
36.687999999999995
36.21
37.290000000000006
35.999
38.25900000000001
36.708000000000006
35.691
51.32000000000001
40.991
36.314
36.89499999999999
40.861000000000004
43.117000000000004
37.798
37.193
36.199999999999996
36.138
37.567
36.652
36.205999999999996
36.505
35.647999999999996
35.958999999999996
36.332
36.155
36.49000000000001
36.471
36.36500000000001
38.838
40.353
35.778999999999996
36.324000000000005
37.747
35.732
35.94200000000001
36.04599999999999
36.984
36.267
36.405
43.25399999999999
39.367999999999995
36.11
36.59899999999999
36.486
38.24
37.038000000000004
37.751
36.242
40.435
40.318
36.60600000000001
36.479
37.41199999999999
36.422999999999995
37.035000000000004
35.966
36.847
35.954
37.54899999999999
36.151999999999994
42.872
35.41100000000001
36.927
39.504999999999995
37.257000000000005
36.108000000000004
37.71800000000001
36.339999999999996
36.036
36.776999999999994
36.882
36.352999999999994
36.593
35.723
36.044999999999995
35.646
41.50600000000001
36.267
37.74100000000001
35.809
36.581999999999994
35.813
37.288
38.219
38.07699999999999
37.55
36.747
36.339
35.906
35.591
41.14199999999999
36.54
36.474
37.157000000000004
42.8
36.053
37.497
35.959
37.63099999999999
36.272
35.729
35.753
36.26199999999999
37.165000000000006
37.07000000000001
37.754999999999995
37.047000000000004
37.267
39.771
36.151999999999994
36.30300000000001
36.541999999999994
39.501000000000005
37.371
36.307
44.077
37.049
37.943
35.85
37.612
38.157999999999994
37.25600000000001
38.01
37.097
37.926
38.606
37.59900000000001
38.99399999999999
37.851
37.41900000000001
38.036
39.15299999999999
37.779999999999994
38.54600000000001
37.34199999999999
38.503
37.318000000000005
