24.783000000000005
25.759999999999998
23.170999999999996
23.84700000000001
23.545
24.436
23.75700000000001
23.714999999999993
23.869999999999994
23.46100000000001
23.358999999999998
23.256
24.089000000000006
24.91
26.264999999999997
26.756
24.20300000000001
24.912000000000003
24.02800000000001
23.582000000000004
23.93
23.423000000000005
23.828000000000003
23.456000000000003
31.118000000000006
23.269000000000005
23.554999999999993
26.122999999999994
23.258000000000006
23.593000000000004
24.101
24.929000000000006
24.521000000000008
24.611
24.413000000000004
25.327999999999996
23.505
23.437
23.44600000000001
23.99699999999999
23.805
23.527
23.552000000000003
24.098000000000003
23.839000000000006
23.397999999999996
24.402
25.05899999999999
25.546000000000006
24.352
24.836
25.506999999999994
24.296
24.050999999999995
23.326999999999995
23.744
23.197000000000003
23.310999999999993
24.192000000000004
23.876
25.573999999999998
23.391000000000002
23.691000000000003
23.740000000000006
23.536
23.964000000000006
24.218999999999998
23.608999999999998
24.091000000000008
23.313
23.416000000000007
24.870000000000005
25.537999999999997
25.446000000000005
23.902
24.269000000000005
24.214000000000006
23.856
25.562999999999995
23.383999999999997
23.407999999999998
24.492000000000008
23.29799999999999
23.278
23.937
24.766000000000002
25.192999999999994
23.997999999999998
24.96999999999999
23.38
23.918000000000003
24.417
23.517999999999997
32.12800000000001
24.403999999999996
29.914999999999996
23.101000000000003
24.101000000000003
28.572
25.537999999999997
30.137999999999998
23.916000000000007
23.622000000000003
24.223000000000003
24.10899999999999
23.14700000000001
24.691
23.160000000000007
23.622000000000003
23.666999999999994
24.272000000000002
23.461999999999996
23.923
24.753999999999998
23.286999999999995
25.518999999999995
23.66200000000001
24.677999999999997
23.67899999999999
23.363000000000003
25.651
23.274000000000004
23.645000000000007
24.292999999999996
24.06
23.408000000000005
23.562
23.435000000000006
24.213000000000005
24.49300000000001
23.142000000000003
25.325000000000006
23.811999999999994
23.592999999999996
23.529999999999994
23.372999999999998
23.673999999999992
23.072999999999997
24.172
24.038999999999998
24.378999999999998
23.615999999999993
23.943000000000005
26.027
23.251999999999995
23.731
23.351000000000003
23.33199999999999
24.348000000000003
23.181999999999995
23.828000000000003
24.687
23.529999999999994
25.38800000000001
24.766000000000002
22.91
23.330000000000002
24.274000000000004
24.417999999999996
23.203999999999997
24.148000000000003
23.335
23.147000000000002
24.066999999999997
23.716000000000008
25.912
23.235
24.224000000000004
23.444
23.788000000000004
23.706999999999997
24.828000000000003
23.546999999999997
24.43
23.667999999999996
26.876000000000005
25.916000000000007
23.555
23.863999999999997
23.659000000000006
24.88900000000001
23.473000000000003
24.586
23.127000000000002
23.667
24.717999999999996
23.613000000000003
23.424999999999994
23.489000000000004
23.038000000000004
25.833999999999996
23.399000000000004
25.102
24.287999999999997
23.41800000000001
26.869000000000003
23.31299999999999
23.599
26.924999999999997
23.817000000000004
23.887999999999998
24.501999999999995
24.444999999999993
24.244000000000003
24.311999999999994
24.727000000000007
31.989000000000004
24.985000000000007
24.55
24.233000000000004
24.235
24.341999999999995
25.063999999999997
24.364000000000004
24.874
24.766999999999996
24.931999999999995
25.06
25.611
24.823000000000004
26.003999999999998
24.733000000000004
24.349000000000004
