0.8980000000000099
0.7749999999999979
0.899999999999998
0.8409999999999945
0.8060000000000012
0.9690000000000115
0.9659999999999946
0.905000000000003
0.5789999999999962
0.8539999999999937
0.6099999999999994
0.6020000000000053
1.006999999999994
1.1919999999999986
0.8459999999999995
0.6359999999999977
0.6320000000000076
0.7380000000000025
0.8409999999999945
0.6379999999999997
0.8900000000000019
0.5980000000000013
0.898999999999997
0.9320000000000023
0.7020000000000082
0.8110000000000062
0.7370000000000015
0.6649999999999989
0.6140000000000034
0.5959999999999993
0.9139999999999981
0.675999999999996
0.9300000000000003
0.9190000000000031
1.5730000000000048
0.5489999999999939
0.9839999999999988
0.5369999999999958
0.7110000000000033
0.7080000000000003
0.5679999999999991
0.6239999999999996
2.154000000000003
0.5740000000000051
0.5830000000000002
0.5249999999999977
0.5039999999999976
0.4940000000000014
0.4910000000000053
0.49599999999999644
0.5080000000000016
0.5080000000000016
0.5099999999999966
0.5080000000000016
0.4720000000000002
0.4909999999999984
0.4770000000000052
0.5059999999999996
0.9769999999999988
0.5339999999999998
0.5409999999999998
0.5280000000000007
0.562
0.9149999999999991
0.6410000000000027
0.5270000000000066
0.46700000000000214
0.6029999999999993
0.5039999999999976
0.5179999999999976
0.4899999999999974
0.4709999999999992
0.4900000000000043
0.5329999999999988
0.49299999999999344
0.5059999999999996
0.5109999999999976
0.4740000000000022
0.5010000000000014
0.5000000000000004
0.4909999999999984
0.5409999999999998
0.5179999999999976
0.5179999999999976
0.5710000000000021
0.5980000000000013
0.4890000000000033
0.5050000000000054
0.5269999999999997
0.5049999999999986
0.559999999999998
0.5350000000000008
0.4699999999999982
0.5379999999999968
0.5250000000000046
0.49399999999999444
0.5269999999999997
0.5119999999999986
0.7480000000000055
0.4859999999999934
0.5070000000000006
0.5240000000000036
0.5490000000000008
0.48000000000000126
0.6169999999999995
0.5049999999999986
0.4849999999999993
0.5409999999999998
0.5080000000000016
0.5300000000000027
0.46900000000000414
0.5249999999999977
0.7030000000000023
0.5189999999999986
0.5679999999999991
0.6009999999999973
0.5240000000000036
0.5000000000000004
0.5280000000000007
0.8839999999999959
0.6349999999999967
0.5719999999999892
0.8549999999999947
0.8019999999999972
0.5649999999999961
0.8349999999999885
0.5560000000000009
0.8820000000000078
0.5409999999999998
0.686000000000006
0.7259999999999905
1.5750000000000068
1.9549999999999983
0.5959999999999993
0.5460000000000048
0.5649999999999961
0.6069999999999964
0.5219999999999947
0.5320000000000047
0.47799999999999926
0.8140000000000092
0.8610000000000007
0.5170000000000036
0.5000000000000004
0.5399999999999988
0.5160000000000026
0.6120000000000014
0.4860000000000003
0.4889999999999964
0.6430000000000047
0.5780000000000021
0.4890000000000033
0.4860000000000003
0.4999999999999935
0.47900000000000026
0.5370000000000028
0.5160000000000026
0.673999999999994
0.7569999999999938
0.7739999999999969
0.5439999999999958
0.4919999999999994
0.48400000000000526
0.4909999999999984
0.5019999999999956
0.4720000000000002
0.5210000000000006
0.6710000000000049
1.3139999999999956
0.5450000000000038
0.5039999999999976
0.5359999999999948
0.5220000000000086
0.5040000000000044
0.6309999999999996
0.49799999999999844
0.5380000000000038
0.5450000000000038
0.5189999999999986
0.4880000000000023
0.5199999999999996
0.4740000000000022
0.4960000000000034
0.5070000000000006
0.4839999999999983
0.4849999999999993
0.8450000000000055
0.4750000000000032
0.5030000000000034
0.5109999999999976
0.5510000000000028
0.5070000000000006
0.5440000000000028
0.5889999999999993
0.6489999999999968
0.5949999999999983
0.47900000000000026
0.6369999999999987
0.5159999999999956
0.9530000000000094
0.5109999999999976
0.5090000000000026
0.5529999999999979
0.49699999999999744
0.5210000000000006
0.7490000000000065
0.5370000000000028
0.5000000000000004
0.4909999999999984
0.4849999999999993
0.6649999999999989
0.5449999999999968
0.5259999999999987
0.5600000000000049
0.6299999999999986
0.6159999999999985
0.5099999999999966
0.5000000000000004
0.5090000000000026
0.5310000000000037
0.4899999999999974
0.5119999999999986
0.5570000000000019
0.6979999999999973
0.4699999999999982
0.5210000000000006
0.49399999999999444
0.5070000000000006
0.4940000000000014
0.4890000000000033
0.48000000000000126
0.5690000000000001
0.5049999999999986
0.6159999999999985
0.5669999999999981
0.48400000000000526
0.4849999999999993
0.9860000000000008
0.5990000000000023
0.7290000000000005
0.49699999999999744
0.4870000000000013
0.5309999999999968
0.5210000000000006
0.788000000000004
0.5110000000000046
0.4730000000000012
0.5970000000000003
0.5409999999999998
0.47599999999999726
0.4860000000000003
0.671999999999999
0.5259999999999987
0.5269999999999928
0.4880000000000023
0.4980000000000054
0.4890000000000033
0.5070000000000006
0.5070000000000074
0.4899999999999974
0.47900000000000026
0.5060000000000064
0.4610000000000031
0.49199999999999244
0.5080000000000016
0.5580000000000029
0.4849999999999993
0.6120000000000014
0.4880000000000023
0.4730000000000012
0.4720000000000002
0.5020000000000024
0.5199999999999996
0.4659999999999942
0.4809999999999953
0.5499999999999949
0.4890000000000033
0.49699999999999744
0.4860000000000003
0.46500000000000014
0.4909999999999984
0.4870000000000013
0.4610000000000031
0.4829999999999973
0.5059999999999926
0.49499999999999544
0.4829999999999973
0.46600000000000114
0.5539999999999989
0.4809999999999953
0.5029999999999966
0.49899999999999944
0.4839999999999983
0.4760000000000042
0.4889999999999964
0.47499999999999626
0.4950000000000024
0.49899999999999944
0.46299999999999814
0.49899999999999944
0.46600000000000114
0.48000000000000126
0.46299999999999814
0.4839999999999983
0.4590000000000011
0.5049999999999986
0.49699999999999744
0.47399999999999526
0.4860000000000003
0.6020000000000053
0.4709999999999992
0.5019999999999956
0.4689999999999972
0.4830000000000112
0.4900000000000043
0.4750000000000032
0.47000000000000514
0.5140000000000006
