1.4180000000000026
0.48000000000000126
0.47499999999999626
0.5240000000000036
0.5120000000000056
0.7860000000000089
0.7289999999999935
0.8140000000000092
0.8029999999999982
0.7900000000000129
0.8299999999999974
0.8090000000000042
0.6579999999999919
0.7339999999999985
0.7370000000000015
0.5499999999999949
0.7409999999999917
0.783999999999993
0.7590000000000097
0.8620000000000017
0.9290000000000131
0.7989999999999942
0.5990000000000023
0.8520000000000055
0.9239999999999943
0.5980000000000013
0.9139999999999981
0.5749999999999922
0.7259999999999905
0.5590000000000039
0.5669999999999981
0.8750000000000008
0.5610000000000059
0.5690000000000001
0.6130000000000024
0.6480000000000097
0.8070000000000022
0.9480000000000044
0.7510000000000017
0.4819999999999963
0.5370000000000097
0.5000000000000004
0.8879999999999999
0.8220000000000033
0.7690000000000058
0.7670000000000038
0.7979999999999932
0.6369999999999987
0.5609999999999921
0.7519999999999888
0.7489999999999997
0.7649999999999879
0.7159999999999944
0.7550000000000057
0.8729999999999988
0.7870000000000099
0.7609999999999978
0.689000000000009
0.5409999999999998
0.6730000000000069
0.5280000000000007
0.5639999999999951
0.8190000000000003
0.795000000000004
0.7550000000000057
0.8409999999999945
0.5370000000000097
0.7739999999999969
0.787999999999997
0.5480000000000068
0.7000000000000062
0.8649999999999908
0.5520000000000108
0.6170000000000064
0.6579999999999919
0.8849999999999969
0.5710000000000021
0.7039999999999963
0.8169999999999983
0.8620000000000017
0.8390000000000064
0.6950000000000012
0.8879999999999999
0.5639999999999951
0.6089999999999984
0.8940000000000059
0.5210000000000076
0.4910000000000053
0.5770000000000081
0.49699999999999744
0.7169999999999954
0.5580000000000029
0.6500000000000117
0.7810000000000039
0.9210000000000051
0.7009999999999933
0.7700000000000068
0.5669999999999981
0.5129999999999996
0.46099999999999614
0.5039999999999976
0.46500000000000014
0.5930000000000033
0.5260000000000056
0.47799999999999926
0.5870000000000042
0.5030000000000034
0.453000000000002
0.5520000000000038
0.449999999999999
0.5290000000000017
0.452000000000001
0.6410000000000027
0.45000000000000595
0.4689999999999972
0.44600000000000195
0.6019999999999983
0.49399999999999444
0.5010000000000014
0.5059999999999996
0.46700000000000214
0.46399999999999914
0.452000000000001
0.5110000000000046
0.6460000000000008
0.5250000000000046
0.681000000000001
0.48100000000000226
0.5539999999999989
0.4709999999999992
0.4559999999999981
0.5040000000000044
0.4610000000000031
0.47499999999999626
0.44600000000000195
0.4870000000000013
0.4620000000000041
0.4559999999999981
0.44500000000000095
0.5199999999999996
0.5099999999999966
0.4910000000000053
0.4359999999999989
0.451
0.5090000000000026
0.47599999999999726
0.5300000000000027
0.5059999999999996
0.5000000000000004
0.453000000000002
0.47499999999999626
0.5059999999999996
0.5059999999999996
0.49799999999999844
0.45000000000000595
0.47599999999999726
0.5469999999999988
0.4909999999999984
0.4819999999999963
0.46099999999999614
0.6919999999999982
0.4860000000000003
0.449999999999999
0.453000000000002
0.47900000000000026
0.5679999999999991
0.5069999999999936
0.4669999999999952
0.6010000000000043
0.5000000000000004
0.5350000000000008
0.5140000000000006
0.46299999999999814
0.46099999999999614
0.5000000000000004
0.4870000000000013
0.4839999999999983
0.4580000000000001
0.453000000000002
0.46299999999999814
0.46399999999999914
0.4879999999999954
0.5510000000000028
0.5250000000000046
0.449999999999999
0.4539999999999961
0.5539999999999989
0.4699999999999982
0.49599999999999644
0.46500000000000014
0.46099999999999614
0.451
0.6229999999999986
0.4679999999999962
0.5009999999999946
0.4529999999999951
0.4559999999999981
0.44500000000000095
0.44099999999999695
0.7419999999999995
0.5210000000000006
0.5140000000000006
0.49499999999999544
0.448999999999998
0.46700000000000214
0.4889999999999964
0.4699999999999982
0.5160000000000026
0.6269999999999956
0.47599999999999726
0.449999999999999
0.7510000000000017
0.48100000000000226
0.8620000000000017
0.4849999999999993
0.4590000000000011
0.4760000000000042
0.6429999999999978
0.4920000000000063
0.4720000000000002
0.49799999999999844
0.4870000000000013
0.890999999999996
0.4819999999999963
0.5359999999999948
0.4569999999999991
0.4860000000000003
0.4630000000000051
0.49899999999999944
0.454000000000003
0.5219999999999947
0.6620000000000028
0.457000000000006
0.46900000000000414
0.4559999999999981
0.48100000000000226
0.5159999999999956
0.4559999999999981
0.46500000000000014
0.44500000000000095
0.5029999999999966
0.49699999999999744
0.674999999999995
0.49599999999999644
0.8419999999999955
0.4720000000000002
0.47499999999999626
0.5300000000000027
0.6239999999999996
0.5019999999999956
0.48300000000000426
0.4669999999999952
0.4930000000000004
0.5230000000000026
0.46800000000000314
0.683000000000003
0.8439999999999975
0.6359999999999977
0.448999999999998
0.6289999999999976
0.46500000000000014
0.49499999999999544
0.4940000000000014
0.4740000000000022
0.4569999999999991
0.449999999999999
0.44199999999999795
0.46399999999999914
0.4600000000000021
0.4829999999999973
0.449999999999999
0.453000000000002
0.446999999999996
0.5070000000000006
0.5250000000000046
0.46299999999999814
0.49399999999999444
0.4699999999999982
0.4620000000000041
0.453000000000002
0.4740000000000022
0.4590000000000011
0.46500000000000014
0.5669999999999981
0.448999999999998
0.5319999999999978
0.5350000000000008
0.5180000000000046
0.4689999999999972
0.4750000000000032
0.4699999999999982
0.48200000000000326
0.5220000000000016
0.5039999999999976
0.46800000000000314
0.8170000000000053
0.5210000000000006
0.452000000000001
0.4699999999999982
0.44800000000000395
0.48200000000000326
0.47699999999999826
0.47799999999999926
0.4760000000000042
0.46500000000000014
0.4960000000000034
0.5549999999999999
0.457000000000006
0.5210000000000006
0.46600000000000114
0.4699999999999982
0.4620000000000041
0.49799999999999844
0.4549999999999971
0.6919999999999982
0.5380000000000107
0.8050000000000002
1.367999999999994
0.6989999999999913
0.8309999999999984
0.7110000000000033
0.5399999999999988
0.5729999999999902
0.7489999999999997
0.7410000000000055
0.9429999999999994
0.5460000000000048
0.7420000000000065
0.5760000000000071
0.5690000000000001
0.9709999999999996
0.6550000000000028
0.5649999999999961
0.7039999999999963
0.49899999999999944
0.6139999999999896
0.7720000000000088
0.5330000000000057
0.5440000000000028
0.48799999999998844
0.7510000000000017
0.6239999999999996
0.7579999999999948
0.7349999999999995
0.7120000000000043
1.0010000000000019
0.5539999999999989
0.6919999999999982
0.677999999999998
0.8540000000000075
0.7310000000000094
1.0199999999999931
0.7989999999999942
0.49299999999999344
0.7090000000000013
0.4819999999999963
0.5909999999999943
0.5290000000000017
0.44299999999999895
0.445999999999995
0.4590000000000011
0.49199999999999244
0.47799999999999926
0.4309999999999939
0.454000000000003
0.448999999999998
0.4569999999999991
0.44500000000000095
0.4410000000000039
0.5239999999999967
0.49799999999999844
0.6619999999999959
0.448999999999998
0.48000000000000126
0.5000000000000004
0.4780000000000062
0.444999999999994
0.45899999999999413
0.4930000000000073
0.5059999999999926
0.44399999999999995
0.4819999999999963
0.45100000000000695
0.44399999999999995
0.4569999999999991
0.4310000000000008
0.4509999999999931
0.4320000000000018
0.4730000000000012
0.44399999999999995
0.4849999999999993
0.46800000000000314
0.5680000000000061
0.43899999999999495
0.4860000000000003
0.4559999999999981
0.44299999999999895
0.454000000000003
0.4790000000000072
0.4750000000000032
0.7280000000000064
0.5329999999999988
0.4450000000000079
0.45899999999999413
0.6379999999999997
0.4200000000000037
0.44299999999999895
0.454000000000003
0.46099999999999614
0.44099999999999695
0.4529999999999951
0.44299999999999895
0.44600000000000195
0.448999999999998
0.5329999999999988
0.4539999999999961
0.4740000000000022
0.46800000000000314
0.4829999999999973
0.4780000000000062
0.5600000000000049
0.4359999999999989
0.4580000000000001
0.4709999999999992
0.4539999999999961
0.4569999999999991
0.47699999999999826
0.4200000000000037
0.5840000000000012
0.5909999999999943
0.5519999999999969
0.560999999999999
0.4489999999999911
0.4390000000000088
0.46700000000000214
0.449999999999999
0.445999999999995
0.5010000000000014
0.457000000000006
0.4569999999999991
0.4829999999999973
0.4720000000000002
0.4449999999999871
0.4580000000000001
0.47199999999999326
0.445999999999995
0.4519999999999941
0.42600000000000277
0.4709999999999992
0.47900000000000026
0.46500000000000014
0.4359999999999989
0.454000000000003
0.4350000000000048
0.4390000000000019
0.42800000000000477
0.5450000000000038
0.46800000000000314
0.4569999999999991
0.4349999999999979
0.4799999999999943
0.4650000000000071
0.7599999999999968
0.46099999999999614
0.49799999999999844
0.43999999999999595
0.45100000000000695
0.4600000000000021
0.42800000000000477
0.4350000000000048
0.448999999999998
0.454000000000003
0.4769999999999913
0.5109999999999976
0.4690000000000111
0.4299999999999998
0.4659999999999942
0.4889999999999964
0.6999999999999993
0.46600000000000114
0.4580000000000001
0.8459999999999995
0.4870000000000013
0.4420000000000049
0.446999999999996
0.4720000000000002
0.4930000000000004
0.45899999999999413
0.4590000000000011
0.4909999999999984
0.45000000000000595
0.5210000000000006
0.47000000000000514
0.4740000000000022
0.4289999999999988
0.47100000000000614
0.4679999999999962
0.4580000000000001
0.4760000000000042
0.4870000000000013
0.4620000000000041
0.4580000000000001
0.4339999999999969
0.44800000000000395
0.446999999999996
0.4580000000000001
0.4330000000000028
0.44099999999999695
0.44299999999999895
0.45999999999999514
0.4299999999999998
0.451
0.4339999999999969
0.4699999999999982
0.4339999999999969
0.44800000000000395
0.44800000000000395
0.4839999999999983
0.453000000000002
0.8210000000000023
0.7800000000000029
0.49099999999999144
0.7629999999999998
0.7540000000000047
0.8940000000000059
0.6680000000000019
1.0360000000000091
0.8299999999999974
0.7069999999999993
0.5150000000000016
0.6710000000000049
0.8290000000000103
0.6639999999999979
0.7619999999999988
0.7349999999999995
0.6540000000000018
0.8719999999999978
0.7469999999999977
1.0200000000000071
0.5959999999999993
0.8750000000000008
0.49699999999999744
0.7709999999999939
0.6300000000000056
0.785999999999995
0.6629999999999969
0.5309999999999898
0.6659999999999999
0.7120000000000043
0.5269999999999997
0.8240000000000053
0.778999999999988
0.7710000000000078
0.6089999999999984
