0.7320000000000035
0.7290000000000005
0.7160000000000013
0.7109999999999963
0.7090000000000013
0.792000000000001
0.7760000000000058
0.7679999999999978
0.788000000000004
0.8280000000000023
0.7759999999999989
0.8280000000000023
0.902
0.7520000000000027
0.786000000000002
0.7349999999999995
0.7119999999999973
0.7230000000000014
1.1919999999999986
0.7160000000000013
0.8849999999999969
0.7450000000000025
0.7409999999999985
0.7150000000000003
0.7039999999999963
0.7650000000000018
0.7310000000000025
0.7319999999999965
0.7179999999999964
0.7230000000000014
1.1800000000000006
0.7769999999999999
0.7389999999999965
0.910000000000001
0.7310000000000025
0.7380000000000025
0.7740000000000038
0.7370000000000015
0.7579999999999948
0.6980000000000042
0.7150000000000003
0.7090000000000013
0.7209999999999994
0.7090000000000013
0.7580000000000018
0.7379999999999955
0.7160000000000013
0.895
0.9149999999999991
0.6919999999999982
0.7189999999999974
0.7069999999999993
0.7109999999999963
0.789999999999999
0.913000000000004
0.7180000000000033
0.6970000000000032
0.7129999999999983
0.6980000000000042
0.7610000000000048
0.7160000000000013
0.7640000000000008
0.7189999999999974
0.8729999999999988
0.7020000000000013
0.6959999999999953
0.7470000000000045
0.7449999999999957
0.7399999999999975
0.7660000000000028
0.7400000000000045
0.7360000000000005
0.7089999999999943
0.7600000000000038
0.7240000000000024
1.1920000000000055
0.804000000000006
0.7650000000000018
1.446999999999997
0.7360000000000005
0.7479999999999987
0.7540000000000047
0.7160000000000013
0.7310000000000025
0.7230000000000014
0.7139999999999993
0.7249999999999965
0.7669999999999968
0.7349999999999995
0.7509999999999948
0.8120000000000003
0.7139999999999993
0.7029999999999953
0.7010000000000003
0.7529999999999968
0.7129999999999983
0.902
0.8260000000000003
0.7049999999999973
1.1359999999999981
0.9320000000000023
0.7580000000000018
0.7729999999999959
0.7679999999999978
0.7549999999999988
0.687
0.7249999999999965
0.7349999999999995
0.7150000000000003
0.6949999999999943
0.7199999999999984
0.795999999999998
0.7180000000000033
0.6980000000000042
0.7010000000000003
0.7050000000000043
0.6989999999999983
1.1690000000000034
0.784
0.7190000000000043
0.7250000000000034
0.7030000000000023
0.786000000000002
0.7069999999999993
0.6929999999999992
0.7650000000000018
0.7309999999999955
0.7020000000000013
0.7249999999999965
0.7309999999999955
0.7609999999999978
0.7110000000000033
0.7559999999999998
0.7270000000000054
0.8260000000000003
0.7230000000000014
0.7430000000000005
0.6989999999999983
0.7999999999999952
0.8090000000000042
0.7260000000000044
0.7170000000000023
0.7470000000000045
0.7500000000000007
0.8070000000000022
0.7269999999999985
0.7699999999999998
0.7309999999999955
1.0030000000000039
0.7389999999999965
0.7339999999999985
1.232000000000004
0.7469999999999977
0.8120000000000003
0.8150000000000033
1.0930000000000037
0.793999999999996
0.798
0.7069999999999993
0.7290000000000005
0.7139999999999993
0.6990000000000052
0.7150000000000003
0.8790000000000048
0.8849999999999969
0.8210000000000023
0.798
0.7349999999999995
0.7489999999999997
0.7090000000000013
0.7510000000000017
0.7360000000000005
0.7430000000000005
0.7240000000000024
0.798
0.7559999999999998
0.7129999999999983
0.7129999999999983
0.7260000000000044
0.7529999999999968
0.7730000000000028
0.7160000000000013
0.6990000000000052
0.782999999999999
0.7139999999999993
1.1229999999999989
0.7379999999999955
0.7150000000000003
0.7199999999999984
0.9269999999999973
0.7110000000000033
0.7590000000000028
0.7640000000000008
0.7310000000000025
0.7269999999999985
0.6999999999999993
0.7040000000000033
0.7409999999999985
0.7310000000000025
0.7209999999999994
0.7170000000000023
0.690000000000003
1.3259999999999939
0.9660000000000015
0.7409999999999985
0.6999999999999993
0.7410000000000055
0.680999999999994
0.7409999999999985
0.7269999999999985
0.7319999999999965
0.7349999999999995
0.7269999999999985
0.7660000000000028
0.7430000000000075
0.8200000000000013
0.7169999999999954
0.7209999999999994
0.7730000000000028
0.7510000000000017
0.6999999999999993
0.7049999999999973
0.8060000000000012
0.7070000000000063
0.7279999999999995
0.6949999999999943
0.7220000000000004
0.6940000000000002
0.7270000000000054
0.7590000000000028
0.7269999999999985
0.7190000000000043
0.7180000000000033
1.3700000000000032
0.7120000000000043
0.7179999999999964
1.2899999999999996
0.6989999999999983
0.7660000000000028
0.7640000000000008
0.7390000000000035
0.7060000000000053
0.7319999999999965
0.7030000000000023
0.7050000000000043
0.7160000000000013
0.7189999999999974
0.7040000000000033
0.7450000000000025
0.6909999999999972
0.7300000000000015
0.7080000000000003
0.7199999999999984
0.7030000000000023
0.7139999999999993
0.6979999999999973
0.7439999999999947
0.6909999999999972
0.7310000000000025
0.681000000000001
0.8630000000000027
1.1430000000000051
1.1469999999999954
