0.909
0.903999999999995
0.903000000000001
1.115999999999999
1.125999999999995
0.8900000000000019
0.912000000000003
0.902
0.899999999999998
1.4429999999999998
0.9410000000000043
0.9749999999999968
1.0429999999999953
0.9760000000000046
0.9769999999999988
0.900999999999999
1.3700000000000032
0.8780000000000038
0.9460000000000024
0.9179999999999953
0.897999999999996
0.9149999999999991
0.906000000000004
0.898000000000003
0.9339999999999973
0.9169999999999943
0.9399999999999964
0.915000000000006
0.9240000000000013
0.9200000000000041
0.8820000000000008
0.9240000000000013
0.9149999999999991
1.0389999999999984
1.1439999999999992
0.9160000000000001
0.9449999999999945
0.8910000000000029
0.9720000000000006
0.9350000000000053
1.010999999999998
0.9170000000000011
0.903000000000001
0.9599999999999955
0.8820000000000008
0.897000000000002
0.897000000000002
0.8930000000000049
0.9370000000000003
0.9390000000000023
0.9199999999999973
0.902
0.8859999999999979
0.9149999999999991
0.902
0.9330000000000033
0.896000000000001
0.9370000000000003
0.9580000000000005
1.015000000000002
0.911000000000002
0.910000000000001
1.1549999999999963
0.902
0.8739999999999998
0.9220000000000061
0.9699999999999986
0.913000000000004
0.8839999999999959
0.901000000000006
0.9569999999999995
0.902
1.3970000000000025
0.9109999999999951
0.9269999999999973
0.8809999999999998
0.8750000000000008
0.8869999999999989
0.8830000000000018
0.895
0.8860000000000048
0.8799999999999988
0.9569999999999995
0.8879999999999999
0.897000000000002
0.9149999999999991
0.9600000000000025
0.9249999999999953
0.8750000000000008
0.8799999999999988
0.9590000000000015
0.9409999999999974
0.9289999999999993
1.3330000000000009
0.8879999999999999
1.0630000000000015
0.9359999999999924
1.0370000000000033
0.9280000000000053
0.8819999999999939
0.899000000000004
0.8840000000000028
0.9160000000000001
1.0290000000000021
0.9269999999999973
0.9340000000000043
0.9300000000000003
0.905999999999997
1.4289999999999998
0.909
0.898999999999997
0.891999999999997
1.004999999999999
0.9689999999999976
0.9809999999999958
0.909
0.9190000000000031
1.2289999999999939
1.5430000000000028
1.708000000000001
0.8790000000000048
0.8910000000000029
0.8830000000000018
0.9399999999999964
0.8890000000000009
0.904000000000002
0.8910000000000029
0.9109999999999951
0.906999999999998
1.4820000000000042
0.9129999999999971
1.3239999999999987
0.9870000000000018
0.9429999999999994
0.9119999999999961
1.0820000000000065
0.8890000000000009
0.9199999999999973
0.901000000000006
0.899000000000004
0.902
0.9209999999999983
1.0040000000000049
0.9339999999999973
1.356999999999997
1.1989999999999987
0.9219999999999993
0.8839999999999959
0.8859999999999979
0.896000000000001
0.8890000000000009
0.9230000000000003
1.582
0.9600000000000025
0.9139999999999981
0.906999999999998
0.903000000000001
0.9149999999999991
0.8860000000000048
0.892999999999998
0.888999999999994
0.9559999999999985
0.897000000000002
0.9670000000000025
0.8780000000000038
0.9419999999999984
0.8840000000000028
0.899000000000004
0.9260000000000033
0.9240000000000013
0.898999999999997
0.8799999999999988
0.904999999999996
0.905999999999997
0.9250000000000023
1.015999999999996
0.9320000000000023
0.8750000000000008
0.898000000000003
0.9359999999999993
0.897000000000002
0.9180000000000021
0.8900000000000019
0.9300000000000003
0.892999999999998
0.9260000000000033
0.9359999999999993
0.9370000000000003
0.9119999999999961
0.9390000000000023
0.910000000000001
0.9660000000000015
0.9959999999999969
1.1019999999999988
0.9660000000000015
0.906000000000004
1.5280000000000016
1.4139999999999986
0.897999999999996
1.1140000000000039
1.129999999999999
0.9400000000000033
1.0949999999999989
0.907999999999999
0.900999999999999
0.9249999999999953
0.897999999999996
0.898999999999997
0.9479999999999975
0.896999999999995
0.897999999999996
0.8870000000000058
0.9129999999999971
0.9180000000000021
0.912000000000003
0.898000000000003
0.8809999999999998
1.0290000000000021
0.9639999999999995
0.904999999999996
0.9349999999999983
1.1000000000000036
1.0060000000000069
0.897000000000002
0.892999999999998
0.891999999999997
0.9129999999999971
0.9149999999999991
0.9209999999999983
0.9209999999999983
1.0010000000000019
1.1999999999999926
0.893999999999999
0.909
1.010000000000004
1.1740000000000015
0.907999999999999
0.9260000000000033
0.900999999999999
0.9549999999999975
0.891999999999997
0.9139999999999981
0.902
0.9359999999999993
0.8890000000000009
0.9280000000000053
0.9170000000000011
0.9329999999999963
0.902
0.9109999999999951
0.9580000000000005
0.9359999999999993
0.8739999999999998
0.8890000000000009
0.897000000000002
0.900999999999999
1.0460000000000051
0.897000000000002
0.9259999999999963
0.9289999999999993
0.8879999999999999
