15.383999999999995
21.413
16.560000000000006
14.902
15.371000000000002
15.427000000000003
15.198999999999998
15.854
16.379000000000005
17.462
18.97800000000001
15.559999999999997
15.830000000000004
14.797999999999998
15.074000000000003
14.959
15.056000000000006
15.995000000000003
18.845
15.669999999999996
22.197999999999997
18.456
14.938
14.872999999999998
14.828999999999995
16.554000000000006
16.831999999999994
15.566999999999997
16.834000000000003
15.694000000000006
16.004000000000005
15.775000000000004
15.413999999999998
14.827000000000007
14.926000000000002
14.706999999999997
15.252999999999997
14.781000000000002
15.094000000000003
14.744
14.8
14.908999999999999
14.913999999999996
14.905000000000001
15.417
15.269000000000005
15.306000000000001
15.371000000000002
16.183999999999997
17.128999999999998
15.541000000000006
15.243999999999994
15.143999999999991
14.906999999999996
14.985999999999999
14.885000000000002
15.141000000000002
15.042999999999994
15.122999999999998
14.781999999999996
15.159000000000006
16.80299999999999
16.545000000000005
15.900000000000004
15.766999999999996
15.156999999999996
16.20300000000001
15.430000000000007
14.927000000000003
15.37199999999999
15.163999999999996
15.262000000000004
15.16499999999999
14.790000000000004
15.232000000000003
14.641000000000002
16.117
15.379000000000003
15.885000000000003
15.106000000000002
16.237999999999996
14.855
15.668000000000001
15.599999999999996
15.250999999999994
16.396000000000008
16.368000000000002
15.245000000000001
15.116999999999999
17.238000000000003
16.968000000000004
14.899999999999997
14.960999999999995
16.64
20.730999999999998
18.729999999999997
14.725999999999996
15.563999999999995
15.352000000000004
15.937
15.68
14.777999999999999
14.995000000000001
15.140999999999995
15.838999999999999
15.118999999999993
15.332000000000006
15.470999999999998
14.990000000000004
15.038999999999996
20.710000000000008
15.164000000000003
16.524000000000004
20.454000000000008
14.889
15.054000000000006
16.582
15.272999999999994
16.8
15.186000000000005
15.896999999999995
15.302000000000003
15.173999999999992
16.821
15.396000000000006
17.770999999999994
15.639
14.900000000000004
15.573000000000004
16.587999999999997
15.645000000000007
15.173000000000005
15.030999999999995
14.964000000000006
15.292
15.197000000000003
16.716000000000008
14.884000000000002
15.375999999999994
15.353000000000005
14.92700000000001
15.424
15.443000000000005
14.795000000000002
14.953999999999995
14.912000000000008
16.069999999999993
19.060000000000002
15.034000000000006
15.135000000000009
15.518000000000004
15.906000000000004
15.099000000000002
15.551999999999996
15.937
15.144000000000005
14.864999999999997
15.033000000000005
15.663000000000004
16.301999999999996
14.885000000000002
15.205999999999998
15.149999999999997
16.044000000000004
16.536
15.730999999999995
19.109999999999996
15.830999999999998
15.196000000000002
15.564000000000002
15.290999999999999
14.914999999999997
15.054000000000006
15.288999999999998
16.306
14.747999999999998
15.003000000000002
15.325000000000005
14.96100000000001
15.002
15.297999999999998
16.828999999999997
15.125999999999994
15.389000000000006
15.71899999999999
18.268000000000008
15.187
16.064000000000004
15.028
15.046000000000003
15.072000000000003
17.407
14.759000000000002
15.116999999999999
14.725000000000001
15.028999999999995
14.922999999999998
14.785
14.931000000000006
15.335
15.270999999999999
16.093000000000004
16.015999999999995
16.521999999999995
15.548
15.47799999999999
16.154000000000003
17.111
16.705
16.212000000000003
15.857000000000003
15.686000000000005
16.964999999999993
16.097
15.638
16.315999999999995
16.476000000000006
15.504000000000003
15.605999999999995
15.822999999999997
15.805
17.524000000000004
17.487999999999996
15.514000000000006
15.445999999999994
16.119
15.916999999999994
16.075999999999993
15.613000000000008
15.514
15.434999999999997
15.817000000000005
15.564000000000002
15.734000000000005
15.700999999999993
