5.470000000000002
5.621000000000001
7.009000000000001
5.510999999999995
5.642000000000001
5.606999999999994
5.479999999999999
6.310999999999997
5.541999999999998
6.6439999999999975
6.371000000000001
6.211999999999995
6.2639999999999985
5.646999999999999
5.623000000000003
5.497999999999996
5.664000000000002
5.538000000000001
5.733999999999996
6.05
6.010000000000002
5.515000000000006
5.5399999999999965
5.621000000000001
5.759
6.415999999999998
6.425
5.561999999999998
5.728000000000004
5.420999999999995
5.567000000000003
5.577999999999999
5.739000000000001
5.655
5.69
5.748000000000003
5.462999999999996
5.672999999999997
5.629000000000002
5.702999999999999
5.508000000000006
6.2429999999999986
6.075999999999998
5.976000000000002
6.381000000000005
6.103999999999998
5.491999999999997
5.748000000000003
6.0350000000000055
5.5910000000000055
5.598000000000006
5.701999999999999
7.593000000000003
8.686
5.892000000000001
5.514999999999999
5.458999999999999
5.961999999999995
5.589000000000004
5.513000000000004
7.3429999999999955
5.465999999999998
6.702
9.058999999999997
5.455000000000002
5.641
5.470000000000002
5.719999999999996
5.807999999999994
5.608000000000002
5.634
5.766
5.577999999999999
10.497
5.977000000000003
7.224999999999995
8.037000000000003
5.489000000000001
5.472999999999999
5.5610000000000035
5.612000000000005
5.985999999999998
6.391999999999995
6.131999999999999
5.951000000000005
5.472999999999999
5.624000000000004
5.485999999999998
5.518999999999997
5.601000000000002
6.293
5.523
5.604999999999999
5.616000000000003
5.613999999999994
5.511000000000002
5.863
10.255999999999995
5.816000000000002
5.754000000000002
5.447
5.481
5.820000000000006
6.7949999999999955
6.526999999999998
7.880000000000005
5.584000000000006
5.510999999999995
6.087000000000002
5.538999999999995
5.527000000000005
5.514999999999999
5.821
7.732000000000003
5.569000000000004
6.152999999999999
5.565
6.108999999999996
5.6430000000000025
5.663999999999995
5.622999999999996
6.247999999999997
6.016000000000001
5.612000000000005
5.706000000000003
6.266999999999995
5.573000000000001
5.649000000000001
5.727999999999997
5.7160000000000055
6.053000000000003
5.8
5.596000000000004
5.887000000000003
5.504999999999996
5.560999999999996
5.483000000000001
5.684000000000002
5.998000000000003
5.6089999999999955
5.53
5.739999999999995
5.672000000000003
5.46
5.718000000000001
6.0440000000000005
5.6000000000000005
5.602999999999997
5.528999999999999
5.718000000000001
5.5399999999999965
5.871000000000001
5.845999999999997
5.790000000000004
5.648000000000001
5.705000000000002
5.538000000000001
6.047999999999998
5.863
5.611999999999999
5.4490000000000025
8.398000000000003
6.1560000000000015
5.456999999999996
5.847999999999999
5.843000000000001
6.175
5.463000000000003
5.714999999999998
5.541999999999998
5.7940000000000005
5.581999999999996
5.542999999999999
5.615000000000002
6.038999999999996
5.627
5.428000000000003
5.646999999999999
6.007999999999999
5.571
5.540999999999998
5.486999999999999
5.706999999999997
5.461999999999994
6.046000000000003
5.472999999999999
5.541999999999998
6.7600000000000025
5.737000000000006
5.465999999999998
6.090000000000005
5.506000000000004
6.805999999999999
5.5310000000000015
9.877999999999998
5.616999999999997
5.450999999999998
5.559999999999995
5.859999999999997
5.689
6.501999999999994
5.809999999999996
12.793
7.471000000000005
5.9100000000000055
5.796000000000009
5.788000000000001
5.915999999999998
5.736000000000005
5.774000000000001
5.757000000000005
5.979999999999992
5.856000000000007
6.0180000000000025
5.904000000000006
5.679000000000004
5.771000000000005
5.925
5.708000000000005
5.784000000000004
5.735000000000004
6.330000000000002
6.070999999999993
5.947999999999995
5.71
6.055999999999999
5.895999999999992
5.759
5.728999999999998
5.848000000000006
5.754000000000002
6.344000000000002
5.792999999999992
5.860999999999998
5.755999999999998
5.830000000000002
6.010999999999996
5.816000000000009
5.847999999999999
5.756000000000004
5.8679999999999914
5.715999999999999
5.938999999999993
5.727000000000003
