2.066000000000005
2.743999999999996
2.553
2.7160000000000033
2.6489999999999987
2.618000000000002
2.5240000000000054
2.579999999999999
2.678999999999994
2.7589999999999977
2.696999999999998
2.6129999999999973
2.7379999999999973
2.6029999999999944
2.893
2.873999999999995
2.5540000000000007
2.607000000000005
2.6679999999999966
3.3299999999999996
2.6350000000000056
2.5289999999999964
2.590999999999996
2.6520000000000015
2.579000000000005
2.6349999999999985
2.5319999999999996
2.5319999999999996
2.620999999999998
2.681999999999997
2.5309999999999984
2.6109999999999953
2.588
2.575999999999995
2.5359999999999965
2.5310000000000055
3.164
2.6550000000000047
2.4990000000000014
2.724000000000004
2.575999999999995
2.6339999999999977
2.6380000000000017
2.590000000000002
3.5410000000000026
2.5340000000000016
3.1710000000000003
2.8919999999999986
2.5219999999999967
2.845
2.563000000000003
2.8570000000000055
2.493000000000002
3.1829999999999985
2.5279999999999956
2.5090000000000043
2.546
2.584000000000003
2.500000000000002
2.5070000000000023
2.9
2.6469999999999967
2.595
2.583000000000002
2.6320000000000023
2.673000000000002
2.796
2.6339999999999977
2.675999999999998
2.570000000000003
2.6489999999999987
2.565999999999999
2.5290000000000035
2.541999999999996
2.6020000000000003
2.7739999999999987
2.588
2.5319999999999996
2.7719999999999967
2.6359999999999992
2.581
2.5290000000000035
2.7779999999999956
2.6899999999999977
2.616
2.5669999999999997
2.9980000000000007
2.7249999999999983
3.0880000000000005
3.5760000000000027
2.5359999999999965
2.6390000000000025
2.486000000000002
3.7510000000000043
2.664000000000007
2.5220000000000034
2.6720000000000006
2.5120000000000005
2.6740000000000026
2.815999999999999
2.579999999999999
2.6530000000000027
2.7140000000000013
2.6370000000000005
2.5070000000000023
2.620999999999998
2.5360000000000036
2.5490000000000026
2.5130000000000012
2.5210000000000026
2.717999999999998
2.5229999999999975
2.7780000000000027
2.6040000000000023
2.9139999999999997
2.7499999999999956
2.541999999999996
2.8390000000000013
2.579999999999999
2.7160000000000033
2.849000000000004
2.783999999999995
2.546
2.6530000000000027
2.5470000000000006
2.777000000000002
2.8219999999999983
3.981000000000005
3.581000000000001
2.5160000000000045
3.0910000000000033
2.6629999999999985
2.5370000000000044
2.6190000000000033
2.616
2.665000000000001
2.610000000000001
2.5140000000000025
2.794999999999999
2.503999999999999
2.816000000000006
2.651999999999995
2.5410000000000017
3.375000000000003
2.847000000000002
2.610000000000001
2.6020000000000003
2.662000000000005
2.600999999999999
2.607999999999999
2.6740000000000026
2.598999999999997
2.6170000000000013
2.604999999999996
2.599000000000004
3.3170000000000006
2.5649999999999977
2.546
2.5690000000000017
2.595
2.6529999999999956
2.5149999999999966
2.5239999999999982
2.5200000000000014
3.8730000000000016
2.5690000000000017
2.5410000000000017
2.5239999999999982
2.584999999999997
2.5280000000000022
2.548000000000002
2.5579999999999976
2.6219999999999994
2.5270000000000015
2.687000000000002
3.241000000000001
2.7500000000000027
2.506000000000001
3.3429999999999986
2.6629999999999985
2.5860000000000047
2.5249999999999995
2.6660000000000017
2.501000000000003
2.6289999999999996
3.0810000000000004
2.6170000000000013
2.8060000000000027
2.6499999999999995
2.7550000000000003
2.845
3.2310000000000048
2.567999999999994
2.5979999999999963
2.609
3.3470000000000026
2.5979999999999963
2.4990000000000014
3.7620000000000013
2.5410000000000017
2.558999999999999
2.5509999999999975
3.1109999999999958
3.9840000000000013
3.6729999999999956
2.811999999999995
2.801999999999992
2.6550000000000047
2.593999999999999
2.6349999999999985
2.6190000000000033
2.6349999999999985
3.0139999999999887
2.660999999999997
2.6689999999999907
2.8899999999999966
2.662999999999992
2.598999999999997
2.603000000000001
2.5999999999999983
2.6269999999999976
2.586999999999999
2.6419999999999986
2.6659999999999946
2.607999999999999
2.6320000000000023
2.6310000000000016
2.6240000000000014
2.7799999999999976
2.713999999999994
2.6339999999999977
2.660999999999997
2.6529999999999956
2.6449999999999947
2.603000000000001
2.6460000000000026
2.6520000000000015
2.6210000000000053
2.6380000000000017
2.7719999999999967
2.6749999999999967
2.820999999999997
2.583000000000009
2.660999999999997
2.613000000000004
2.719999999999993
2.701999999999996
