370.735
263.906
260.187
266.865
268.188
277.93600000000004
267.08000000000004
268.761
260.641
266.54
261.93
255.04299999999998
249.57800000000003
253.432
254.668
262.397
262.097
254.577
254.805
256.322
258.189
259.70799999999997
250.43800000000005
260.98900000000003
258.615
253.62699999999998
253.03200000000004
256.35799999999995
280.90299999999996
252.12800000000001
260.26899999999995
257.168
253.475
253.017
256.17699999999996
254.27500000000003
255.27900000000002
255.16900000000004
264.17600000000004
276.592
249.23399999999998
250.62900000000005
257.086
256.27299999999997
261.614
254.37500000000003
253.97200000000004
255.43300000000002
267.296
271.20700000000005
251.31199999999998
255.359
255.53900000000002
252.45799999999997
253.046
252.87400000000005
258.33299999999997
275.578
273.846
253.386
254.782
255.345
256.706
254.97000000000003
256.644
254.631
261.466
267.935
273.37100000000004
248.882
251.30399999999997
254.154
252.03900000000002
256.379
250.14700000000002
254.91300000000007
267.698
274.444
250.59799999999998
255.92199999999997
261.185
257.953
254.10699999999997
252.94099999999997
255.33700000000005
256.19199999999995
268.916
267.865
256.758
248.728
252.86199999999997
253.74800000000002
256.297
261.88100000000003
259.171
263.303
259.47900000000004
263.069
249.329
254.94400000000002
261.41499999999996
255.722
267.073
267.83599999999996
255.45499999999998
252.606
253.44
254.923
251.31800000000004
251.45000000000002
255.30199999999996
263.838
256.887
368.062
259.278
260.243
264.802
257.41
249.65500000000003
253.552
261.586
260.791
256.79
250.32900000000004
251.77900000000002
254.37500000000003
252.508
250.12400000000002
252.245
261.18
268.92699999999996
265.61899999999997
262.827
251.11700000000005
252.799
251.81000000000003
262.408
254.98600000000005
259.101
283.31999999999994
258.87
256.81399999999996
259.27
270.349
255.423
250.51399999999995
253.44300000000004
284.715
256.14500000000004
253.53599999999997
284.01099999999997
254.349
250.257
271.998
274.561
277.586
270.374
262.261
257.095
307.575
257.826
248.987
302.68300000000005
266.87
259.50500000000005
264.33799999999997
254.17399999999995
253.84700000000004
259.908
256.919
260.08
263.098
260.284
260.78200000000004
250.92399999999998
284.185
262.185
266.986
282.855
286.383
283.797
259.14200000000005
260.17
251.58600000000004
265.438
256.87399999999997
255.066
288.068
258.098
255.40400000000002
272.096
270.02700000000004
261.215
254.61999999999995
255.71499999999997
256.214
258.806
257.58500000000004
256.504
275.457
276.42
264.39
259.009
