3.832000000000002
4.547000000000002
3.7750000000000004
3.9690000000000003
3.837
4.376999999999999
4.020999999999997
4.276999999999996
4.039000000000001
3.7669999999999995
3.803000000000001
4.469000000000001
3.940000000000006
3.768999999999995
4.2499999999999964
5.908999999999997
4.312000000000003
3.7340000000000013
4.276000000000002
3.817999999999995
3.935000000000001
3.909000000000003
3.810999999999995
3.7979999999999956
3.7620000000000013
4.401999999999997
3.7680000000000007
3.7490000000000023
3.7840000000000025
3.8419999999999983
3.8940000000000015
3.826000000000003
4.312999999999997
4.2580000000000044
4.491000000000002
3.8839999999999986
3.942000000000001
4.233999999999995
3.9780000000000024
4.413
4.208999999999998
3.845000000000001
3.7820000000000005
4.067999999999995
3.7419999999999956
3.8899999999999975
4.033000000000002
4.109000000000002
3.7599999999999993
3.814999999999999
3.799999999999998
3.7500000000000036
3.7799999999999985
3.855999999999998
5.275000000000002
3.7389999999999994
3.8759999999999977
3.824000000000001
4.248000000000002
3.8569999999999993
4.028000000000004
3.812999999999997
3.7429999999999963
3.7490000000000023
5.792999999999999
3.932000000000005
3.796999999999995
4.039000000000001
3.7899999999999947
3.9539999999999993
3.916000000000003
3.814000000000005
3.968999999999993
3.7820000000000005
4.425000000000005
3.7739999999999996
4.150000000000001
3.917000000000004
3.839000000000002
3.828999999999999
3.8480000000000043
3.842999999999999
4.021999999999998
3.7790000000000044
3.862999999999998
4.008999999999999
3.7519999999999984
3.9990000000000023
3.7700000000000027
3.913
3.715999999999997
3.8089999999999997
4.167999999999998
3.795
3.8089999999999997
3.7349999999999954
4.713000000000002
4.011000000000001
3.712
3.8709999999999996
3.7939999999999987
4.016000000000005
4.644999999999996
3.8580000000000005
3.8639999999999994
3.8720000000000003
3.7820000000000005
3.7449999999999983
3.7849999999999966
3.833000000000003
3.8980000000000055
3.832999999999996
3.917000000000004
3.7739999999999996
5.025000000000002
3.7890000000000006
4.136000000000001
3.7720000000000047
4.105000000000005
3.7499999999999964
3.8730000000000016
4.527999999999997
3.8089999999999997
3.7680000000000007
3.8720000000000003
3.7849999999999966
4.2029999999999985
3.8269999999999973
7.540000000000005
3.911999999999999
3.6969999999999987
3.828999999999999
3.871000000000006
3.8829999999999973
3.8769999999999984
4.028000000000004
4.9399999999999995
3.9059999999999997
3.7719999999999976
5.291000000000004
4.844000000000001
3.720000000000001
4.955000000000001
3.7910000000000026
3.8680000000000034
3.935000000000001
3.8029999999999937
3.8779999999999997
3.937999999999997
3.7519999999999984
3.74
4.117000000000003
3.792000000000004
4.241000000000001
3.8860000000000006
3.8440000000000003
3.7700000000000027
3.7720000000000047
4.221999999999997
4.043999999999999
4.205
4.054000000000002
3.9100000000000037
3.9230000000000027
3.902000000000003
3.792000000000004
3.8949999999999956
3.8819999999999966
3.9970000000000008
3.801000000000006
3.7820000000000005
3.7610000000000006
3.8639999999999994
3.7580000000000044
4.555000000000003
4.0649999999999995
4.612999999999999
3.849999999999999
3.8790000000000004
4.1209999999999996
3.742000000000002
3.8880000000000026
4.024
3.7850000000000037
3.788
4.894000000000003
3.814999999999999
3.7800000000000056
3.942000000000001
3.748000000000001
3.8500000000000063
3.9630000000000014
4.831999999999996
3.797000000000002
3.8060000000000036
3.803000000000001
3.810000000000001
3.8989999999999996
4.792999999999998
4.631000000000003
6.1600000000000055
3.911999999999999
6.7429999999999986
3.9059999999999997
3.910999999999998
3.893000000000008
4.019000000000009
4.119999999999998
3.923999999999997
3.910999999999998
3.9099999999999966
4.213000000000008
3.900000000000001
3.972000000000003
3.959999999999998
3.8870000000000013
3.9589999999999974
3.970000000000008
3.900000000000001
4.003000000000006
4.504000000000001
4.064000000000005
3.935999999999995
4.305000000000003
3.9890000000000065
3.8709999999999996
3.9250000000000047
3.945000000000004
3.936999999999996
3.963000000000008
4.2970000000000095
4.140999999999999
3.9149999999999947
3.9140000000000006
3.936000000000002
3.9890000000000065
4.017999999999994
3.9169999999999967
3.913
3.904999999999992
3.8680000000000034
7.448999999999997
7.580000000000004
7.222000000000007
