1.2509999999999952
1.1229999999999989
1.2019999999999946
1.1910000000000045
1.5459999999999987
1.1940000000000006
1.903999999999996
1.1649999999999994
1.2189999999999979
1.5049999999999994
1.1479999999999961
1.1520000000000001
1.124
1.1390000000000011
1.1390000000000011
1.1580000000000061
1.1470000000000022
1.1250000000000009
1.1390000000000011
1.126000000000002
1.2039999999999966
1.2630000000000003
1.1349999999999971
1.2720000000000022
1.1509999999999994
1.1630000000000043
1.1420000000000041
1.358999999999999
1.126999999999996
1.1530000000000014
1.2179999999999969
1.2189999999999979
1.693
1.1730000000000005
1.9860000000000015
1.124
1.5099999999999976
1.3859999999999983
1.1250000000000009
1.1619999999999964
1.1680000000000024
1.129999999999999
1.1429999999999982
1.1660000000000004
1.2170000000000027
1.1740000000000015
1.3000000000000025
1.1339999999999961
1.1470000000000022
1.1919999999999986
1.1559999999999973
1.344000000000005
1.1359999999999981
1.1649999999999994
1.3750000000000013
1.1780000000000055
1.1479999999999961
1.1769999999999974
1.1439999999999992
1.1770000000000045
1.136000000000005
1.1619999999999964
1.1789999999999994
1.1900000000000035
1.7220000000000013
1.1979999999999977
1.1810000000000014
1.1369999999999991
1.1470000000000022
1.6299999999999994
1.129999999999999
1.1489999999999974
1.3820000000000012
1.2680000000000051
1.1689999999999965
1.1620000000000033
1.1929999999999996
1.1999999999999997
1.1369999999999991
1.1660000000000004
1.136000000000005
1.233999999999999
1.2119999999999977
1.1380000000000001
1.6969999999999972
1.1559999999999973
1.1730000000000005
1.1569999999999983
1.1559999999999973
1.4759999999999982
1.2630000000000003
1.1410000000000031
1.119000000000002
1.1900000000000035
1.7729999999999968
1.1710000000000054
1.1609999999999954
1.1870000000000005
1.1450000000000002
1.1619999999999964
1.6979999999999982
1.1879999999999946
1.1709999999999985
1.1630000000000043
1.1839999999999975
1.1559999999999973
1.4549999999999979
1.1730000000000005
1.1499999999999981
1.1750000000000025
1.131
1.1410000000000031
1.3140000000000027
1.236000000000001
1.2150000000000007
1.6050000000000022
1.1679999999999955
1.1540000000000021
1.1680000000000024
1.1639999999999984
1.250000000000001
1.1660000000000004
1.676000000000004
1.1600000000000013
1.4090000000000005
1.1470000000000022
1.468999999999998
1.1800000000000006
1.1369999999999991
1.1500000000000052
1.2789999999999955
1.1420000000000041
1.2129999999999987
1.1820000000000026
1.240999999999999
1.1600000000000013
1.1670000000000014
1.1810000000000014
1.3939999999999995
1.124
1.1679999999999955
1.1880000000000015
1.1699999999999975
1.1719999999999995
1.1439999999999992
1.568999999999994
1.1769999999999974
1.1520000000000001
1.2769999999999935
1.124
1.1700000000000044
1.124
1.1680000000000024
1.1859999999999995
1.118000000000001
1.2599999999999971
1.1469999999999954
1.1670000000000014
1.2039999999999966
1.1859999999999995
1.1870000000000005
1.2589999999999963
1.1649999999999994
1.1410000000000031
1.2019999999999946
1.1410000000000031
1.1559999999999973
1.2129999999999987
1.1619999999999964
1.1469999999999954
1.1380000000000001
1.1530000000000014
1.1750000000000025
1.1400000000000021
1.1800000000000006
1.1849999999999985
1.131
1.1399999999999952
1.135000000000004
1.1550000000000034
1.1810000000000014
1.1780000000000055
1.6549999999999967
1.1999999999999997
1.1649999999999994
1.1420000000000041
1.1579999999999993
1.1510000000000062
1.2549999999999992
1.1429999999999982
1.1430000000000051
1.1680000000000024
1.1419999999999972
1.1510000000000062
1.1490000000000042
1.2529999999999972
1.2780000000000014
1.222999999999995
1.1649999999999994
1.223999999999996
1.1270000000000029
1.1450000000000002
1.341999999999996
1.1549999999999963
1.134000000000003
1.1699999999999906
1.1950000000000016
1.1820000000000026
1.1390000000000011
1.1559999999999973
1.1719999999999995
1.1270000000000029
1.1369999999999991
1.128000000000004
1.2700000000000002
1.135000000000004
1.1779999999999986
1.1789999999999994
1.1690000000000034
1.1439999999999992
1.2910000000000004
1.2119999999999909
1.2329999999999979
1.1489999999999974
1.1789999999999994
1.1450000000000002
1.1569999999999983
1.9379999999999953
1.2160000000000017
1.1750000000000094
1.2020000000000086
1.1639999999999984
1.1490000000000042
1.2059999999999986
1.1450000000000002
1.1539999999999953
1.128999999999998
1.1810000000000014
1.1550000000000034
1.1540000000000021
1.1530000000000014
1.1490000000000042
1.1610000000000023
1.3370000000000049
1.1500000000000052
1.1660000000000004
1.2179999999999969
1.2119999999999977
1.2099999999999957
1.1690000000000034
1.1709999999999985
1.6229999999999993
1.2040000000000037
1.1760000000000035
1.1479999999999961
1.5319999999999987
1.1740000000000015
1.1530000000000014
1.1719999999999995
1.1870000000000005
1.1579999999999993
1.6039999999999943
1.8750000000000018
